3366.01194461645  5.260195E-16
3369.07119664015  -2.066081E-16
3372.13044866385  5.078680E-16
3375.18970068754  3.502851E-16
3378.24895271124  6.485857E-16
3381.30820473494  2.908553E-16
3384.36745675863  1.497330E-16
3387.42670878233  1.245655E-16
3390.48596080603  7.645161E-17
3393.54521282973  9.453849E-16
3396.60446485342  2.124637E-16
3399.66371687712  5.037173E-16
3402.72296890082  3.125866E-16
3405.78222092451  4.932885E-18
3408.84147294821  8.010239E-16
3411.90072497191  7.314765E-16
3414.9599769956  2.658541E-16
3418.0192290193  5.395768E-16
3421.078481043  4.789466E-16
3424.13773306669  5.899515E-16
3427.19698509039  7.275468E-16
3430.25623711409  7.026962E-16
3433.31548913779  8.231489E-16
3436.37474116148  1.506618E-16
3439.43399318518  3.485411E-16
3442.49324520888  8.802300E-16
3445.55249723257  5.907448E-16
3448.61174925627  4.393948E-16
3451.67100127997  4.003704E-16
3454.73025330366  7.874280E-16
3457.78950532736  8.269238E-16
3460.84875735106  3.179538E-16
3463.90800937475  5.327705E-16
3466.96726139845  6.511497E-16
3470.02651342215  8.114108E-16
3473.08576544585  4.815138E-16
3476.14501746954  4.141055E-16
3479.20426949324  2.706459E-16
3482.26352151694  6.898910E-16
3485.32277354063  8.902477E-16
3488.38202556433  2.513023E-16
3491.44127758803  4.830721E-16
3494.50052961172  7.440070E-16
3497.55978163542  5.650151E-16
3500.61903365912  7.869226E-16
3503.67828568281  8.423450E-16
3506.73753770651  6.205076E-16
3509.79678973021  4.933747E-16
3512.8560417539  7.574476E-16
3515.9152937776  6.654368E-16
3518.9745458013  5.803771E-16
3522.033797825  5.198153E-16
3525.09304984869  5.567314E-16
3528.15230187239  6.781250E-16
3531.21155389609  9.139884E-16
3534.27080591978  9.668892E-16
3537.33005794348  7.404376E-16
3540.38930996718  9.420844E-16
3543.44856199087  1.012358E-15
3546.50781401457  8.992567E-16
3549.56706603827  9.601095E-16
3552.62631806197  9.970661E-16
3555.68557008566  5.763403E-16
3558.74482210936  5.612942E-16
3561.80407413306  8.223700E-16
3564.86332615675  6.895717E-16
3567.92257818045  7.547054E-16
3570.98183020415  5.196439E-16
3574.04108222784  9.386105E-16
3577.10033425154  6.879378E-16
3580.15958627524  7.805298E-16
3583.21883829893  5.602759E-16
3586.27809032263  6.145186E-16
3589.33734234633  9.112990E-16
3592.39659437002  1.042603E-15
3595.45584639372  7.123922E-16
3598.51509841742  6.944976E-16
3601.57435044112  5.932713E-16
3604.63360246481  7.012023E-16
3607.69285448851  6.276421E-16
3610.75210651221  7.267742E-16
3613.8113585359  8.809730E-16
3616.8706105596  5.055375E-16
3619.9298625833  7.711725E-16
3622.98911460699  8.573670E-16
3626.04836663069  7.469437E-16
3629.10761865439  7.037673E-16
3632.16687067808  9.223270E-16
3635.22612270178  7.376163E-16
3638.28537472548  4.934254E-16
3641.34462674917  8.954929E-16
3644.40387877287  8.677664E-16
3647.46313079657  8.140150E-16
3650.52238282027  8.473463E-16
3653.58163484396  9.358334E-16
3656.64088686766  8.766517E-16
3659.70013889136  9.060098E-16
3662.75939091505  8.529003E-16
3665.81864293875  8.095894E-16
3668.87789496245  9.691464E-16
3671.93714698614  9.056135E-16
3674.99639900984  7.027187E-16
3678.05565103354  7.539285E-16
3681.11490305723  9.352848E-16
3684.17415508093  1.047013E-15
3687.23340710463  9.297132E-16
3690.29265912833  8.971342E-16
3693.35191115202  9.451388E-16
3696.41116317572  9.407587E-16
3699.47041519942  9.123534E-16
3702.52966722311  9.081672E-16
3705.58891924681  7.634818E-16
3708.64817127051  8.212626E-16
3711.7074232942  9.037639E-16
3714.7666753179  9.694646E-16
3717.8259273416  9.237675E-16
3720.88517936529  8.931164E-16
3723.94443138899  8.090869E-16
3727.00368341269  7.736304E-16
3730.06293543638  7.229037E-16
3733.12218746008  9.735969E-16
3736.18143948378  8.102219E-16
3739.24069150748  7.972951E-16
3742.29994353117  7.426607E-16
3745.35919555487  9.420615E-16
3748.41844757857  9.349189E-16
3751.47769960226  9.327070E-16
3754.53695162596  7.032588E-16
3757.59620364966  8.536831E-16
3760.65545567335  9.336193E-16
3763.71470769705  1.081967E-15
3766.77395972075  1.233561E-16
3769.83321174445  5.241972E-15
3772.89246376814  4.536552E-15
3775.95171579184  2.221227E-16
3779.01096781554  1.056520E-15
3782.07021983923  7.502497E-16
3785.12947186293  8.487459E-16
3788.18872388663  8.546476E-16
3791.24797591032  8.433767E-16
3794.30722793402  9.117539E-16
3797.36647995772  7.269315E-16
3800.42573198141  9.724353E-16
3803.48498400511  8.613830E-16
3806.54423602881  8.635017E-16
3809.6034880525  8.522529E-16
3812.6627400762  8.432193E-16
3815.7219920999  7.251211E-16
3818.7812441236  7.237183E-16
3821.84049614729  7.372050E-16
3824.89974817099  5.835026E-16
3827.95900019469  5.802972E-16
3831.01825221838  5.539810E-16
3834.07750424208  6.638068E-16
3837.13675626578  8.788831E-16
3840.19600828947  8.532479E-16
3843.25526031317  7.969956E-16
3846.31451233687  8.104548E-16
3849.37376436057  8.312562E-16
3852.43301638426  8.940441E-16
3855.49226840796  9.757451E-16
3858.55152043165  9.644427E-16
3861.61077245535  9.820240E-16
3864.67002447905  9.669809E-16
3867.72927650275  9.887174E-16
3870.78852852644  1.057166E-15
3873.84778055014  9.106652E-16
3876.90703257384  9.779861E-16
3879.96628459753  9.084973E-16
3883.02553662123  8.812907E-16
3886.08478864493  9.154701E-16
3889.14404066862  8.854621E-16
3892.20329269232  8.178428E-16
3895.26254471602  8.373694E-16
3898.32179673972  8.216199E-16
3901.38104876341  1.015955E-15
3904.44030078711  9.787710E-16
3907.49955281081  8.660212E-16
3910.5588048345  8.919772E-16
3913.6180568582  8.026953E-16
3916.6773088819  8.765833E-16
3919.73656090559  7.596484E-16
3922.79581292929  7.506701E-16
3925.85506495299  5.961710E-16
3928.91431697668  6.384641E-16
3931.97356900038  6.239032E-16
3935.03282102408  6.620782E-16
3938.09207304777  7.278193E-16
3941.15132507147  8.354779E-16
3944.21057709517  8.759512E-16
3947.26982911886  8.802097E-16
3950.32908114256  8.826257E-16
3953.38833316626  8.488914E-16
3956.44758518996  7.416063E-16
3959.50683721365  6.718809E-16
3962.56608923735  6.636761E-16
3965.62534126105  5.637022E-16
3968.68459328474  7.049741E-16
3971.74384530844  8.879896E-16
3974.80309733214  8.377911E-16
3977.86234935583  8.907330E-16
3980.92160137953  9.458159E-16
3983.98085340323  7.880655E-16
3987.04010542693  8.976154E-16
3990.09935745062  9.330199E-16
3993.15860947432  9.242674E-16
3996.21786149802  8.386419E-16
3999.27711352171  8.679658E-16
4002.33636554541  8.795711E-16
4005.39561756911  8.572405E-16
4008.4548695928  8.733948E-16
4011.5141216165  9.195829E-16
4014.5733736402  9.923455E-16
4017.6326256639  9.143154E-16
4020.69187768759  8.627874E-16
4023.75112971129  8.587647E-16
4026.81038173498  7.729765E-16
4029.86963375868  8.873523E-16
4032.92888578238  8.702424E-16
4035.98813780608  8.788471E-16
4039.04738982977  8.816714E-16
4042.10664185347  9.341461E-16
4045.16589387717  9.009723E-16
4048.22514590086  9.045269E-16
4051.28439792456  8.817283E-16
4054.34364994826  8.283921E-16
4057.40290197195  7.935168E-16
4060.46215399565  8.239593E-16
4063.52140601935  7.808416E-16
4066.58065804304  7.979002E-16
4069.63991006674  8.286473E-16
4072.69916209044  8.141952E-16
4075.75841411414  8.568486E-16
4078.81766613783  9.035003E-16
4081.87691816153  8.843591E-16
4084.93617018523  9.376988E-16
4087.99542220892  1.002198E-15
4091.05467423262  9.872236E-16
4094.11392625632  9.480002E-16
4097.17317828001  9.752665E-16
4100.23243030371  1.060937E-15
4103.29168232741  9.420225E-16
4106.3509343511  1.016058E-15
4109.4101863748  9.134638E-16
4112.4694383985  9.056820E-16
4115.52869042219  9.962689E-16
4118.58794244589  9.346630E-16
4121.64719446959  9.297425E-16
4124.70644649329  8.803929E-16
4127.76569851698  9.284921E-16
4130.82495054068  9.227790E-16
4133.88420256438  8.917590E-16
4136.94345458807  9.361578E-16
4140.00270661177  9.554869E-16
4143.06195863547  9.026866E-16
4146.12121065916  8.534185E-16
4149.18046268286  8.821572E-16
4152.23971470656  9.183954E-16
4155.29896673026  9.148869E-16
4158.35821875395  9.123816E-16
4161.41747077765  9.334932E-16
4164.47672280134  8.829922E-16
4167.53597482504  8.410022E-16
4170.59522684874  8.994399E-16
4173.65447887244  9.084497E-16
4176.71373089613  8.845764E-16
4179.77298291983  8.510406E-16
4182.83223494353  8.459163E-16
4185.89148696722  8.687836E-16
4188.95073899092  9.406957E-16
4192.00999101462  9.294257E-16
4195.06924303832  8.241075E-16
4198.12849506201  8.417466E-16
4201.18774708571  8.367300E-16
4204.24699910941  8.377212E-16
4207.3062511331  8.017015E-16
4210.3655031568  8.183948E-16
4213.4247551805  7.785523E-16
4216.48400720419  7.913795E-16
4219.54325922789  7.555222E-16
4222.60251125159  7.565931E-16
4225.66176327528  8.180271E-16
4228.72101529898  8.353441E-16
4231.78026732268  8.697860E-16
4234.83951934638  9.022511E-16
4237.89877137007  9.042786E-16
4240.95802339377  9.220472E-16
4244.01727541747  9.302947E-16
4247.07652744116  9.181356E-16
4250.13577946486  9.149467E-16
4253.19503148856  9.080205E-16
4256.25428351225  9.159546E-16
4259.31353553595  9.068584E-16
4262.37278755965  9.220476E-16
4265.43203958334  9.061607E-16
4268.49129160704  8.483281E-16
4271.55054363074  9.173857E-16
4274.60979565443  9.936222E-16
4277.66904767813  9.763021E-16
4280.72829970183  1.027199E-15
4283.78755172553  9.522260E-16
4286.84680374922  8.872364E-16
4289.90605577292  9.316538E-16
4292.96530779662  9.469019E-16
4296.02455982031  9.192049E-16
4299.08381184401  9.094783E-16
4302.14306386771  8.900133E-16
4305.2023158914  8.922474E-16
4308.2615679151  9.444360E-16
4311.3208199388  9.666405E-16
4314.38007196249  1.016345E-15
4317.43932398619  9.306208E-16
4320.49857600989  9.431252E-16
4323.55782803358  9.264499E-16
4326.61708005728  9.347877E-16
4329.67633208098  9.724901E-16
4332.73558410468  9.688830E-16
4335.79483612837  9.116389E-16
4338.85408815207  8.558038E-16
4341.91334017577  8.439410E-16
4344.97259219946  8.541921E-16
4348.03184422316  8.454835E-16
4351.09109624686  8.036155E-16
4354.15034827055  8.361787E-16
4357.20960029425  8.608409E-16
4360.26885231795  8.540763E-16
4363.32810434165  9.053321E-16
4366.38735636534  8.490827E-16
4369.44660838904  8.177337E-16
4372.50586041274  8.786094E-16
4375.56511243643  9.624535E-16
4378.62436446013  8.671937E-16
4381.68361648383  8.937854E-16
4384.74286850752  8.502701E-16
4387.80212053122  8.477053E-16
4390.86137255492  8.834736E-16
4393.92062457861  9.240991E-16
4396.97987660231  8.820630E-16
4400.03912862601  8.738477E-16
4403.0983806497  8.879595E-16
4406.1576326734  8.594904E-16
4409.2168846971  8.798228E-16
4412.2761367208  9.140601E-16
4415.33538874449  8.928119E-16
4418.39464076819  8.711053E-16
4421.45389279189  8.949048E-16
4424.51314481558  8.435426E-16
4427.57239683928  8.386305E-16
4430.63164886298  8.387756E-16
4433.69090088667  8.659195E-16
4436.75015291037  8.895151E-16
4439.80940493407  8.974536E-16
4442.86865695776  8.791107E-16
4445.92790898146  8.622541E-16
4448.98716100516  8.314501E-16
4452.04641302886  7.784416E-16
4455.10566505255  7.419761E-16
4458.16491707625  7.166253E-16
4461.22416909995  6.863740E-16
4464.28342112364  7.143177E-16
4467.34267314734  7.609707E-16
4470.40192517104  7.544932E-16
4473.46117719473  7.316165E-16
4476.52042921843  6.477161E-16
4479.57968124213  7.072493E-16
4482.63893326582  7.692365E-16
4485.69818528952  8.206752E-16
4488.75743731322  8.391709E-16
4491.81668933691  8.576287E-16
4494.87594136061  9.107038E-16
4497.93519338431  9.137505E-16
4500.99444540801  8.991879E-16
4504.0536974317  8.808464E-16
4507.1129494554  8.989372E-16
4510.1722014791  8.812296E-16
4513.23145350279  8.430962E-16
4516.29070552649  8.547219E-16
4519.34995755019  8.304951E-16
4522.40920957388  8.465893E-16
4525.46846159758  7.592079E-16
4528.52771362128  7.862384E-16
4531.58696564497  8.310994E-16
4534.64621766867  8.332148E-16
4537.70546969237  8.661555E-16
4540.76472171607  8.387798E-16
4543.82397373976  8.248020E-16
4546.88322576346  8.282691E-16
4549.94247778716  7.711705E-16
4553.00172981085  7.998601E-16
4556.06098183455  8.311450E-16
4559.12023385825  8.696047E-16
4562.17948588194  8.812614E-16
4565.23873790564  8.305519E-16
4568.29798992934  8.711569E-16
4571.35724195303  8.011687E-16
4574.41649397673  7.354667E-16
4577.47574600043  7.667750E-16
4580.53499802413  8.125097E-16
4583.59425004782  7.843425E-16
4586.65350207152  8.050058E-16
4589.71275409522  7.712441E-16
4592.77200611891  7.984565E-16
4595.83125814261  7.927511E-16
4598.89051016631  7.919374E-16
4601.94976219  8.198922E-16
4605.0090142137  8.414427E-16
4608.0682662374  8.206927E-16
4611.12751826109  7.947763E-16
4614.18677028479  8.428316E-16
4617.24602230849  8.078678E-16
4620.30527433218  8.407301E-16
4623.36452635588  8.430346E-16
4626.42377837958  8.229815E-16
4629.48303040327  7.835667E-16
4632.54228242697  7.792952E-16
4635.60153445067  7.861110E-16
4638.66078647437  7.599235E-16
4641.72003849806  7.260803E-16
4644.77929052176  7.499444E-16
4647.83854254546  7.389980E-16
4650.89779456915  7.225689E-16
4653.95704659285  7.319746E-16
4657.01629861655  7.360109E-16
4660.07555064024  7.280807E-16
4663.13480266394  7.127312E-16
4666.19405468764  6.898932E-16
4669.25330671134  6.772213E-16
4672.31255873503  6.597097E-16
4675.37181075873  7.408488E-16
4678.43106278243  7.112769E-16
4681.49031480612  7.254541E-16
4684.54956682982  7.915014E-16
4687.60881885352  7.790034E-16
4690.66807087721  7.102806E-16
4693.72732290091  7.031466E-16
4696.78657492461  7.482986E-16
4699.8458269483  6.953630E-16
4702.905078972  6.920717E-16
4705.9643309957  7.563952E-16
4709.0235830194  8.268345E-16
4712.08283504309  7.063648E-16
4715.14208706679  7.760052E-16
4718.20133909049  8.356738E-16
4721.26059111418  7.953323E-16
4724.31984313788  7.879451E-16
4727.37909516158  7.572792E-16
4730.43834718527  7.002450E-16
4733.49759920897  6.930415E-16
4736.55685123267  6.841442E-16
4739.61610325636  7.172629E-16
4742.67535528006  7.504655E-16
4745.73460730376  7.657208E-16
4748.79385932745  7.406767E-16
4751.85311135115  7.265081E-16
4754.91236337485  7.498001E-16
4757.97161539854  7.538758E-16
4761.03086742224  6.845334E-16
4764.09011944594  6.129674E-16
4767.14937146964  6.018912E-16
4770.20862349333  6.358808E-16
4773.26787551703  6.627923E-16
4776.32712754073  6.797966E-16
4779.38637956442  7.214246E-16
4782.44563158812  7.574228E-16
4785.50488361182  7.687947E-16
4788.56413563551  7.354299E-16
4791.62338765921  7.673577E-16
4794.68263968291  7.682880E-16
4797.7418917066  7.392981E-16
4800.8011437303  7.260999E-16
4803.860395754  7.268795E-16
4806.9196477777  7.746042E-16
4809.97889980139  7.975161E-16
4813.03815182509  7.729293E-16
4816.09740384879  7.989586E-16
4819.15665587248  8.074757E-16
4822.21590789618  7.804084E-16
4825.27515991988  7.871234E-16
4828.33441194357  7.714408E-16
4831.39366396727  7.614605E-16
4834.45291599097  7.600344E-16
4837.51216801466  7.675278E-16
4840.57142003836  7.860379E-16
4843.63067206206  7.655389E-16
4846.68992408576  7.451272E-16
4849.74917610945  7.293286E-16
4852.80842813315  7.475052E-16
4855.86768015685  7.581761E-16
4858.92693218054  7.490774E-16
4861.98618420424  7.258323E-16
4865.04543622794  7.330093E-16
4868.10468825163  7.402151E-16
4871.16394027533  7.047193E-16
4874.22319229903  7.198414E-16
4877.28244432272  7.694121E-16
4880.34169634642  7.268120E-16
4883.40094837012  7.186842E-16
4886.46020039382  7.207240E-16
4889.51945241751  6.925154E-16
4892.57870444121  7.717438E-16
4895.63795646491  7.535157E-16
4898.6972084886  7.303701E-16
4901.7564605123  7.284329E-16
4904.815712536  7.070633E-16
4907.87496455969  6.961766E-16
4910.93421658339  7.113673E-16
4913.99346860709  7.152684E-16
4917.05272063078  6.973258E-16
4920.11197265448  6.893813E-16
4923.17122467818  6.886372E-16
4926.23047670188  6.717967E-16
4929.28972872557  6.823213E-16
4932.34898074927  6.700850E-16
4935.40823277297  6.541118E-16
4938.46748479666  6.589954E-16
4941.52673682036  6.801479E-16
4944.58598884406  7.353362E-16
4947.64524086775  7.305717E-16
4950.70449289145  6.983498E-16
4953.76374491515  6.833894E-16
4956.82299693884  6.684433E-16
4959.88224896254  6.374072E-16
4962.94150098624  6.099473E-16
4966.00075300993  5.636328E-16
4969.06000503363  5.667535E-16
4972.11925705733  6.256125E-16
4975.17850908103  6.586371E-16
4978.23776110472  6.483418E-16
4981.29701312842  6.253696E-16
4984.35626515212  6.842523E-16
4987.41551717581  6.469332E-16
4990.47476919951  6.924420E-16
4993.53402122321  7.019978E-16
4996.5932732469  6.957033E-16
4999.6525252706  6.759174E-16
5002.7117772943  6.371204E-16
5005.77102931799  6.470753E-16
5008.83028134169  6.668676E-16
5011.88953336539  6.217004E-16
5014.94878538909  5.735464E-16
5018.00803741278  5.539859E-16
5021.06728943648  5.355741E-16
5024.12654146018  5.869424E-16
5027.18579348387  6.633559E-16
5030.24504550757  6.671539E-16
5033.30429753127  6.314599E-16
5036.36354955497  6.017496E-16
5039.42280157866  5.616681E-16
5042.48205360236  5.802080E-16
5045.54130562605  6.303265E-16
5048.60055764975  6.227719E-16
5051.65980967345  6.075476E-16
5054.71906169715  6.315326E-16
5057.77831372084  6.775967E-16
5060.83756574454  6.647050E-16
5063.89681776824  6.520728E-16
5066.95606979193  6.853845E-16
5070.01532181563  6.594031E-16
5073.07457383933  6.678578E-16
5076.13382586302  6.795940E-16
5079.19307788672  6.357436E-16
5082.25232991042  6.292007E-16
5085.31158193411  6.615230E-16
5088.37083395781  6.552538E-16
5091.43008598151  6.553125E-16
5094.48933800521  6.807800E-16
5097.5485900289  6.891020E-16
5100.6078420526  6.654206E-16
5103.6670940763  6.578195E-16
5106.72634609999  7.291816E-16
5109.78559812369  7.078249E-16
5112.84485014739  7.056895E-16
5115.90410217108  7.180334E-16
5118.96335419478  6.885907E-16
5122.02260621848  6.642958E-16
5125.08185824217  6.810620E-16
5128.14111026587  6.650999E-16
5131.20036228957  6.397909E-16
5134.25961431326  6.584178E-16
5137.31886633696  6.161293E-16
5140.37811836066  6.290044E-16
5143.43737038436  6.348420E-16
5146.49662240805  6.028155E-16
5149.55587443175  5.895331E-16
5152.61512645545  6.034318E-16
5155.67437847914  6.181316E-16
5158.73363050284  6.083690E-16
5161.79288252654  5.749628E-16
5164.85213455023  5.997238E-16
5167.91138657393  5.834466E-16
5170.97063859763  6.227860E-16
5174.02989062133  6.405818E-16
5177.08914264502  6.523852E-16
5180.14839466872  6.569126E-16
5183.20764669241  6.433505E-16
5186.26689871611  6.355306E-16
5189.32615073981  6.645582E-16
5192.3854027635  6.809488E-16
5195.4446547872  6.441989E-16
5198.5039068109  6.749494E-16
5201.5631588346  6.899528E-16
5204.62241085829  6.982416E-16
5207.68166288199  6.790665E-16
5210.74091490569  6.805959E-16
5213.80016692939  6.836469E-16
5216.85941895308  6.551524E-16
5219.91867097678  6.667535E-16
5222.97792300047  6.512076E-16
5226.03717502417  6.203176E-16
5229.09642704787  6.347883E-16
5232.15567907157  6.300871E-16
5235.21493109526  6.328692E-16
5238.27418311896  6.477741E-16
5241.33343514266  6.812117E-16
5244.39268716635  6.928182E-16
5247.45193919005  6.687324E-16
5250.51119121375  6.617531E-16
5253.57044323744  6.711084E-16
5256.62969526114  6.674502E-16
5259.68894728484  6.144525E-16
5262.74819930853  5.811800E-16
5265.80745133223  5.656690E-16
5268.86670335593  5.475434E-16
5271.92595537963  5.494086E-16
5274.98520740332  5.717951E-16
5278.04445942702  5.895321E-16
5281.10371145072  6.009070E-16
5284.16296347441  6.202724E-16
5287.22221549811  6.148216E-16
5290.28146752181  6.226665E-16
5293.3407195455  6.214476E-16
5296.3999715692  5.911134E-16
5299.4592235929  5.961349E-16
5302.5184756166  5.599314E-16
5305.57772764029  5.519356E-16
5308.63697966399  6.024331E-16
5311.69623168769  6.329069E-16
5314.75548371138  5.990206E-16
5317.81473573508  5.997863E-16
5320.87398775878  6.077650E-16
5323.93323978247  5.566734E-16
5326.99249180617  5.087954E-16
5330.05174382987  4.895217E-16
5333.11099585356  4.923819E-16
5336.17024787726  5.328716E-16
5339.22949990096  5.644492E-16
5342.28875192465  5.995022E-16
5345.34800394835  6.249289E-16
5348.40725597205  6.256956E-16
5351.46650799575  6.472815E-16
5354.52576001944  6.579284E-16
5357.58501204314  6.485666E-16
5360.64426406684  6.601449E-16
5363.70351609053  6.062108E-16
5366.76276811423  6.154158E-16
5369.82202013793  6.128620E-16
5372.88127216162  6.127958E-16
5375.94052418532  6.180790E-16
5378.99977620902  5.982720E-16
5382.05902823271  5.972812E-16
5385.11828025641  5.688405E-16
5388.17753228011  6.330451E-16
5391.23678430381  6.207269E-16
5394.2960363275  6.086692E-16
5397.3552883512  5.972785E-16
5400.41454037489  5.820337E-16
5403.47379239859  5.807429E-16
5406.53304442229  5.656648E-16
5409.59229644599  5.718271E-16
5412.65154846968  6.052560E-16
5415.71080049338  5.960437E-16
5418.77005251708  5.775559E-16
5421.82930454077  5.842785E-16
5424.88855656447  5.832489E-16
5427.94780858817  5.851483E-16
5431.00706061187  5.770416E-16
5434.06631263556  5.173178E-16
5437.12556465926  5.307728E-16
5440.18481668296  5.642068E-16
5443.24406870665  5.705007E-16
5446.30332073035  5.858365E-16
5449.36257275405  6.057206E-16
5452.42182477774  5.978053E-16
5455.48107680144  5.961266E-16
5458.54032882514  6.196322E-16
5461.59958084883  6.009270E-16
5464.65883287253  5.904697E-16
5467.71808489623  5.985387E-16
5470.77733691993  6.154528E-16
5473.83658894362  6.076135E-16
5476.89584096732  5.816905E-16
5479.95509299102  5.771999E-16
5483.01434501471  5.818869E-16
5486.07359703841  5.757178E-16
5489.13284906211  5.923344E-16
5492.1921010858  5.881969E-16
5495.2513531095  5.775186E-16
5498.3106051332  5.717156E-16
5501.36985715689  5.751842E-16
5504.42910918059  5.766728E-16
5507.48836120429  5.534901E-16
5510.54761322799  5.413988E-16
5513.60686525168  5.486013E-16
5516.66611727538  5.501226E-16
5519.72536929907  5.736983E-16
5522.78462132277  5.686625E-16
5525.84387334647  5.533322E-16
5528.90312537017  5.378594E-16
5531.96237739386  5.498655E-16
5535.02162941756  5.818783E-16
5538.08088144126  5.319588E-16
5541.14013346495  5.152102E-16
5544.19938548865  5.109399E-16
5547.25863751235  4.914694E-16
5550.31788953604  4.905449E-16
5553.37714155974  4.958699E-16
5556.43639358344  5.085655E-16
5559.49564560713  5.405271E-16
5562.55489763083  5.483310E-16
5565.61414965453  5.834838E-16
5568.67340167823  5.742738E-16
5571.73265370192  5.976729E-16
5574.79190572562  6.057240E-16
5577.85115774932  5.910212E-16
5580.91040977301  5.918178E-16
5583.96966179671  5.781997E-16
5587.02891382041  5.460252E-16
5590.0881658441  5.585194E-16
5593.1474178678  5.712791E-16
5596.2066698915  5.576274E-16
5599.26592191519  5.674674E-16
5602.32517393889  5.903392E-16
5605.38442596259  6.085889E-16
5608.44367798629  6.206782E-16
5611.50293000998  6.044428E-16
5614.56218203368  6.069364E-16
5617.62143405738  5.709123E-16
5620.68068608107  5.378162E-16
5623.73993810477  5.479128E-16
5626.79919012847  5.658252E-16
5629.85844215216  5.714600E-16
5632.91769417586  5.775326E-16
5635.97694619956  5.678963E-16
5639.03619822325  5.579767E-16
5642.09545024695  5.820451E-16
5645.15470227065  5.825941E-16
5648.21395429435  5.809444E-16
5651.27320631804  5.728530E-16
5654.33245834174  5.322819E-16
5657.39171036543  5.115023E-16
5660.45096238913  5.443154E-16
5663.51021441283  5.339666E-16
5666.56946643653  5.037809E-16
5669.62871846022  5.037755E-16
5672.68797048392  5.343678E-16
5675.74722250762  5.315325E-16
5678.80647453131  5.253665E-16
5681.86572655501  5.570116E-16
5684.92497857871  5.399539E-16
5687.9842306024  5.244273E-16
5691.0434826261  5.470060E-16
5694.1027346498  5.488177E-16
5697.16198667349  5.506696E-16
5700.22123869719  5.780253E-16
5703.28049072089  5.827325E-16
5706.33974274459  5.539496E-16
5709.39899476828  5.466934E-16
5712.45824679198  5.652382E-16
5715.51749881568  5.786431E-16
5718.57675083937  6.033741E-16
5721.63600286307  5.772001E-16
5724.69525488677  5.584382E-16
5727.75450691046  5.943646E-16
5730.81375893416  5.874523E-16
5733.87301095786  5.996794E-16
5736.93226298155  5.962970E-16
5739.99151500525  5.895084E-16
5743.05076702895  5.831877E-16
5746.11001905265  5.675486E-16
5749.16927107634  5.569557E-16
5752.22852310004  5.501798E-16
5755.28777512374  5.636850E-16
5758.34702714743  5.691239E-16
5761.40627917113  5.407570E-16
5764.46553119483  5.548216E-16
5767.52478321852  5.785138E-16
5770.58403524222  5.669188E-16
5773.64328726592  5.645323E-16
5776.70253928961  5.838711E-16
5779.76179131331  5.999911E-16
5782.82104333701  5.668033E-16
5785.88029536071  5.649302E-16
5788.9395473844  5.464660E-16
5791.9987994081  5.331936E-16
5795.0580514318  5.303915E-16
5798.11730345549  5.068840E-16
5801.17655547919  5.068811E-16
5804.23580750289  5.110681E-16
5807.29505952658  5.152813E-16
5810.35431155028  5.292970E-16
5813.41356357398  5.386232E-16
5816.47281559767  5.380986E-16
5819.53206762137  5.472621E-16
5822.59131964507  5.648546E-16
5825.65057166877  5.535969E-16
5828.70982369246  5.767186E-16
5831.76907571616  5.677092E-16
5834.82832773986  5.739638E-16
5837.88757976355  5.746738E-16
5840.94683178725  5.620185E-16
5844.00608381095  5.572808E-16
5847.06533583464  5.567542E-16
5850.12458785834  5.607957E-16
5853.18383988204  5.491051E-16
5856.24309190573  5.435411E-16
5859.30234392943  5.307623E-16
5862.36159595313  5.390010E-16
5865.42084797682  5.558836E-16
5868.48010000052  5.389131E-16
5871.53935202422  5.363184E-16
5874.59860404791  5.300758E-16
5877.65785607161  5.392468E-16
5880.71710809531  5.596928E-16
5883.77636011901  5.449902E-16
5886.8356121427  5.023029E-16
5889.8948641664  4.791689E-16
5892.9541161901  4.665749E-16
5896.01336821379  4.883517E-16
5899.07262023749  5.211145E-16
5902.13187226119  5.160493E-16
5905.19112428489  5.195940E-16
5908.25037630858  5.250198E-16
5911.30962833228  5.318241E-16
5914.36888035597  5.455878E-16
5917.42813237967  5.239961E-16
5920.48738440337  5.405953E-16
5923.54663642707  5.528113E-16
5926.60588845076  5.255950E-16
5929.66514047446  5.372465E-16
5932.72439249816  5.602368E-16
5935.78364452185  5.352602E-16
5938.84289654555  5.334205E-16
5941.90214856925  5.296918E-16
5944.96140059294  5.145303E-16
5948.02065261664  4.964693E-16
5951.07990464034  4.919251E-16
5954.13915666403  4.874793E-16
5957.19840868773  4.636661E-16
5960.25766071143  4.320201E-16
5963.31691273513  4.599993E-16
5966.37616475882  4.829373E-16
5969.43541678252  5.063686E-16
5972.49466880622  5.076897E-16
5975.55392082991  4.965964E-16
5978.61317285361  5.006060E-16
5981.67242487731  4.906454E-16
5984.731676901  4.792273E-16
5987.7909289247  5.004165E-16
5990.8501809484  4.874926E-16
5993.90943297209  4.813736E-16
5996.96868499579  4.710000E-16
6000.02793701949  4.490242E-16
6003.08718904318  4.419798E-16
6006.14644106688  4.098840E-16
6009.20569309058  3.878747E-16
6012.26494511428  3.923536E-16
6015.32419713797  4.024189E-16
6018.38344916167  4.142611E-16
6021.44270118537  4.448066E-16
6024.50195320906  4.718268E-16
6027.56120523276  4.737611E-16
6030.62045725646  5.138381E-16
6033.67970928015  5.083280E-16
6036.73896130385  5.129450E-16
6039.79821332755  5.051406E-16
6042.85746535125  4.899631E-16
6045.91671737494  4.851447E-16
6048.97596939864  4.716278E-16
6052.03522142234  4.813263E-16
6055.09447344603  5.134903E-16
6058.15372546973  5.280676E-16
6061.21297749343  5.133861E-16
6064.27222951712  5.015996E-16
6067.33148154082  5.120664E-16
6070.39073356452  5.112110E-16
6073.44998558821  4.982167E-16
6076.50923761191  5.068959E-16
6079.56848963561  5.049602E-16
6082.62774165931  4.782251E-16
6085.686993683  4.655853E-16
6088.7462457067  4.748857E-16
6091.8054977304  4.810430E-16
6094.86474975409  4.692590E-16
6097.92400177779  4.544854E-16
6100.98325380149  4.538353E-16
6104.04250582518  4.433739E-16
6107.10175784888  4.646789E-16
6110.16100987258  4.779622E-16
6113.22026189628  4.489274E-16
6116.27951391997  4.796280E-16
6119.33876594367  4.661980E-16
6122.39801796737  4.586466E-16
6125.45726999106  4.880543E-16
6128.51652201476  5.117535E-16
6131.57577403845  5.088516E-16
6134.63502606215  4.971457E-16
6137.69427808585  4.984131E-16
6140.75353010955  4.913414E-16
6143.81278213324  4.826864E-16
6146.87203415694  4.792343E-16
6149.93128618064  4.608760E-16
6152.99053820433  4.270078E-16
6156.04979022803  3.921396E-16
6159.10904225173  3.626027E-16
6162.16829427543  3.803026E-16
6165.22754629912  4.087468E-16
6168.28679832282  4.251118E-16
6171.34605034652  4.582647E-16
6174.40530237021  5.028330E-16
6177.46455439391  5.036994E-16
6180.52380641761  4.811024E-16
6183.5830584413  5.054988E-16
6186.642310465  5.026457E-16
6189.7015624887  5.001977E-16
6192.76081451239  4.873954E-16
6195.82006653609  4.901920E-16
6198.87931855979  5.191476E-16
6201.93857058348  5.191363E-16
6204.99782260718  5.392227E-16
6208.05707463088  4.984540E-16
6211.11632665457  4.981247E-16
6214.17557867827  5.041534E-16
6217.23483070197  4.906762E-16
6220.29408272567  4.795467E-16
6223.35333474936  4.879842E-16
6226.41258677306  5.002183E-16
6229.47183879676  4.789928E-16
6232.53109082045  4.972987E-16
6235.59034284415  4.900563E-16
6238.64959486785  4.707352E-16
6241.70884689154  4.662313E-16
6244.76809891524  4.501639E-16
6247.82735093894  4.404191E-16
6250.88660296264  4.332616E-16
6253.94585498633  4.387185E-16
6257.00510701003  4.443769E-16
6260.06435903373  4.543871E-16
6263.12361105742  4.477430E-16
6266.18286308112  4.389668E-16
6269.24211510482  4.735533E-16
6272.30136712851  4.646816E-16
6275.36061915221  4.623668E-16
6278.41987117591  4.588827E-16
6281.47912319961  4.570414E-16
6284.5383752233  4.865917E-16
6287.597627247  4.646879E-16
6290.65687927069  4.559484E-16
6293.71613129439  4.772070E-16
6296.77538331809  4.643814E-16
6299.83463534179  4.554141E-16
6302.89388736548  4.711362E-16
6305.95313938918  4.733472E-16
6309.01239141288  4.538930E-16
6312.07164343657  4.708451E-16
6315.13089546027  4.694581E-16
6318.19014748397  4.572859E-16
6321.24939950766  4.628218E-16
6324.30865153136  4.748388E-16
6327.36790355506  4.709655E-16
6330.42715557875  4.834757E-16
6333.48640760245  4.605265E-16
6336.54565962615  4.502601E-16
6339.60491164985  4.362335E-16
6342.66416367354  4.220421E-16
6345.72341569724  4.147575E-16
6348.78266772094  4.362687E-16
6351.84191974463  4.499635E-16
6354.90117176833  4.500746E-16
6357.96042379203  4.390654E-16
6361.01967581573  4.481145E-16
6364.07892783942  4.615638E-16
6367.13817986312  4.339415E-16
6370.19743188682  4.073700E-16
6373.25668391051  4.387828E-16
6376.31593593421  4.179090E-16
6379.37518795791  4.280630E-16
6382.4344399816  4.452649E-16
6385.4936920053  4.552710E-16
6388.552944029  4.507267E-16
6391.61219605269  4.241878E-16
6394.67144807639  4.378151E-16
6397.73070010009  4.292483E-16
6400.78995212378  2.015710E-16
6403.84920414748  2.595161E-16
6406.90845617118  4.701400E-16
6409.96770819488  4.283242E-16
6413.02696021857  4.291208E-16
6416.08621224227  4.303627E-16
6419.14546426596  4.106775E-16
6422.20471628966  4.253823E-16
6425.26396831336  4.270176E-16
6428.32322033705  4.169773E-16
6431.38247236075  4.266694E-16
6434.44172438445  4.291869E-16
6437.50097640815  4.205843E-16
6440.56022843184  4.219565E-16
6443.61948045554  4.215170E-16
6446.67873247924  4.223597E-16
6449.73798450293  4.101382E-16
6452.79723652663  3.869110E-16
6455.85648855033  3.913200E-16
6458.91574057402  3.678468E-16
6461.97499259772  3.907367E-16
6465.03424462142  4.118818E-16
6468.09349664512  4.244763E-16
6471.15274866881  4.397385E-16
6474.21200069251  4.272109E-16
6477.27125271621  4.281495E-16
6480.3305047399  4.459613E-16
6483.3897567636  4.431909E-16
6486.4490087873  4.260607E-16
6489.50826081099  4.163026E-16
6492.56751283469  4.168484E-16
6495.62676485839  4.174033E-16
6498.68601688209  3.989871E-16
6501.74526890578  4.022837E-16
6504.80452092948  4.421084E-16
6507.86377295318  4.408506E-16
6510.92302497687  4.140026E-16
6513.98227700057  4.297733E-16
6517.04152902427  4.347392E-16
6520.10078104796  4.130214E-16
6523.16003307166  4.445004E-16
6526.21928509536  4.459599E-16
6529.27853711905  4.323432E-16
6532.33778914275  4.342481E-16
6535.39704116645  4.133327E-16
6538.45629319015  4.383094E-16
6541.51554521384  4.214085E-16
6544.57479723754  4.052929E-16
6547.63404926124  4.100519E-16
6550.69330128493  4.191995E-16
6553.75255330863  4.111186E-16
6556.81180533233  4.084500E-16
6559.87105735602  4.034971E-16
6562.93030937972  4.081537E-16
6565.98956140342  4.226142E-16
6569.04881342711  4.237257E-16
6572.10806545081  4.046579E-16
6575.16731747451  4.023663E-16
6578.22656949821  4.094390E-16
6581.2858215219  3.755748E-16
6584.3450735456  3.461520E-16
6587.40432556929  3.297304E-16
6590.46357759299  3.241217E-16
6593.52282961669  3.523017E-16
6596.58208164039  3.964243E-16
6599.64133366408  3.791899E-16
6602.70058568778  3.975556E-16
6605.75983771148  4.067917E-16
6608.81908973517  3.792647E-16
6611.87834175887  3.688377E-16
6614.93759378257  3.891123E-16
6617.99684580626  4.018500E-16
6621.05609782996  3.891489E-16
6624.11534985366  3.942350E-16
6627.17460187736  4.003761E-16
6630.23385390105  3.967646E-16
6633.29310592475  3.981648E-16
6636.35235794845  3.945017E-16
6639.41160997214  4.006267E-16
6642.47086199584  3.832587E-16
6645.53011401954  4.123280E-16
6648.58936604323  4.073104E-16
6651.64861806693  3.766082E-16
6654.70787009063  3.841949E-16
6657.76712211432  3.507472E-16
6660.82637413802  3.512818E-16
6663.88562616172  3.716028E-16
6666.94487818541  3.680709E-16
6670.00413020911  3.626134E-16
6673.06338223281  3.731057E-16
6676.1226342565  3.679635E-16
6679.1818862802  3.736200E-16
6682.2411383039  3.674502E-16
6685.3003903276  3.767062E-16
6688.35964235129  3.929192E-16
6691.41889437499  3.800465E-16
6694.47814639869  3.660884E-16
6697.53739842238  3.932054E-16
6700.59665044608  4.213190E-16
6703.65590246978  3.988751E-16
6706.71515449347  3.894809E-16
6709.77440651717  3.842572E-16
6712.83365854087  3.692222E-16
6715.89291056457  3.847853E-16
6718.95216258826  3.997677E-16
6722.01141461196  3.935960E-16
6725.07066663565  4.130254E-16
6728.12991865935  4.061700E-16
6731.18917068305  3.885926E-16
6734.24842270675  4.008455E-16
6737.30767473044  3.896357E-16
6740.36692675414  3.779786E-16
6743.42617877784  3.902762E-16
6746.48543080153  3.802800E-16
6749.54468282523  3.807711E-16
6752.60393484893  3.912819E-16
6755.66318687262  3.845649E-16
6758.72243889632  3.888027E-16
6761.78169092002  3.904296E-16
6764.84094294371  3.922808E-16
6767.90019496741  4.018876E-16
6770.95944699111  3.895030E-16
6774.01869901481  3.782417E-16
6777.0779510385  3.963121E-16
6780.1372030622  3.962705E-16
6783.1964550859  3.924544E-16
6786.25570710959  3.933520E-16
6789.31495913329  3.821705E-16
6792.37421115699  3.724007E-16
6795.43346318068  3.995440E-16
6798.49271520438  4.007844E-16
6801.55196722808  3.599340E-16
6804.61121925177  3.845180E-16
6807.67047127547  4.002090E-16
6810.72972329917  3.684316E-16
6813.78897532287  3.720202E-16
6816.84822734656  3.809230E-16
6819.90747937026  3.800889E-16
6822.96673139396  3.730364E-16
6826.02598341765  3.568854E-16
6829.08523544135  3.344035E-16
6832.14448746505  3.226449E-16
6835.20373948874  3.459040E-16
6838.26299151244  3.598325E-16
6841.32224353614  3.615894E-16
6844.38149555984  3.578908E-16
6847.44074758353  3.717446E-16
6850.49999960723  3.712650E-16
6853.55925163093  3.493009E-16
6856.61850365462  3.687711E-16
6859.67775567832  3.724072E-16
6862.73700770201  3.815854E-16
6865.79625972571  3.683751E-16
6868.85551174941  3.341768E-16
6871.91476377311  3.413740E-16
6874.97401579681  3.353205E-16
6878.0332678205  3.449262E-16
6881.0925198442  3.604589E-16
6884.1517718679  3.571260E-16
6887.21102389159  3.479882E-16
6890.27027591529  3.558042E-16
6893.32952793898  3.570196E-16
6896.38877996268  3.504582E-16
6899.44803198638  3.695834E-16
6902.50728401008  3.682737E-16
6905.56653603377  3.704700E-16
6908.62578805747  3.665262E-16
6911.68504008117  3.356157E-16
6914.74429210486  3.381083E-16
6917.80354412856  3.697833E-16
6920.86279615226  3.610703E-16
6923.92204817595  3.559812E-16
6926.98130019965  3.536479E-16
6930.04055222335  3.333323E-16
6933.09980424705  3.427346E-16
6936.15905627074  3.335160E-16
6939.21830829444  3.227601E-16
6942.27756031814  3.454635E-16
6945.33681234183  3.521044E-16
6948.39606436553  3.248234E-16
6951.45531638923  3.480090E-16
6954.51456841292  3.610618E-16
6957.57382043662  3.302359E-16
6960.63307246032  3.061375E-16
6963.69232448401  3.092352E-16
6966.75157650771  3.289770E-16
6969.81082853141  3.485689E-16
6972.8700805551  3.218350E-16
6975.9293325788  3.337544E-16
6978.9885846025  3.297881E-16
6982.04783662619  3.214392E-16
6985.10708864989  3.280464E-16
6988.16634067359  3.318977E-16
6991.22559269729  3.286927E-16
6994.28484472098  3.295266E-16
6997.34409674468  3.061840E-16
7000.40334876838  2.716744E-16
7003.46260079207  2.770441E-16
7006.52185281577  2.886832E-16
7009.58110483947  2.610503E-16
7012.64035686316  3.009045E-16
7015.69960888686  3.321061E-16
7018.75886091056  3.154704E-16
7021.81811293425  2.987088E-16
7024.87736495795  3.237595E-16
7027.93661698165  3.377376E-16
7030.99586900534  3.180357E-16
7034.05512102904  3.313797E-16
7037.11437305274  3.354542E-16
7040.17362507643  3.226066E-16
7043.23287710013  3.175487E-16
7046.29212912383  3.112969E-16
7049.35138114753  3.191972E-16
7052.41063317122  3.320196E-16
7055.46988519492  3.578646E-16
7058.52913721862  3.479440E-16
7061.58838924231  3.102559E-16
7064.64764126601  3.117049E-16
7067.70689328971  3.307177E-16
7070.76614531341  3.144602E-16
7073.8253973371  3.022666E-16
7076.8846493608  3.094653E-16
7079.94390138449  3.006140E-16
7083.00315340819  2.940448E-16
7086.06240543189  2.882426E-16
7089.12165745559  2.846145E-16
7092.18090947928  2.784635E-16
7095.24016150298  2.716762E-16
7098.29941352668  2.797825E-16
7101.35866555037  3.036994E-16
7104.41791757407  2.981151E-16
7107.47716959777  2.681218E-16
7110.53642162146  2.426977E-16
7113.59567364516  2.552044E-16
7116.65492566886  2.675813E-16
7119.71417769256  9.451852E-17
7122.77342971625  -8.348013E-17
7125.83268173995  -6.568323E-17
7128.89193376365  -1.663469E-17
7131.95118578734  1.194491E-16
7135.01043781104  2.917382E-16
7138.06968983474  3.427109E-16
7141.12894185843  3.140351E-16
7144.18819388213  2.807291E-16
7147.24744590583  3.093816E-16
7150.30669792953  3.304931E-16
7153.36594995322  3.194708E-16
7156.42520197692  3.129183E-16
7159.48445400062  2.994855E-16
7162.54370602431  2.960899E-16
7165.60295804801  2.864279E-16
7168.66221007171  2.949654E-16
7171.7214620954  3.204563E-16
7174.7807141191  3.331050E-16
7177.8399661428  3.196578E-16
7180.89921816649  3.127902E-16
7183.95847019019  2.986301E-16
7187.01772221389  2.604399E-16
7190.07697423759  2.781799E-16
7193.13622626128  2.996892E-16
7196.19547828498  2.813626E-16
7199.25473030867  2.893710E-16
7202.31398233237  2.890591E-16
7205.37323435607  2.941765E-16
7208.43248637977  2.847560E-16
7211.49173840346  2.938494E-16
7214.55099042716  3.163903E-16
7217.61024245086  2.961574E-16
7220.66949447455  3.035736E-16
7223.72874649825  2.906571E-16
7226.78799852195  2.925831E-16
7229.84725054564  2.985963E-16
7232.90650256934  2.913934E-16
7235.96575459304  3.195021E-16
7239.02500661673  3.099726E-16
7242.08425864043  3.102270E-16
7245.14351066413  2.939760E-16
7248.20276268783  2.893234E-16
7251.26201471152  3.138327E-16
7254.32126673522  3.060141E-16
7257.38051875892  3.185361E-16
7260.43977078261  2.891822E-16
7263.49902280631  2.923709E-16
7266.55827483001  3.018819E-16
7269.6175268537  2.727160E-16
7272.6767788774  2.775807E-16
7275.7360309011  3.068468E-16
7278.7952829248  2.897549E-16
7281.85453494849  2.992818E-16
7284.91378697219  3.032120E-16
7287.97303899589  2.772704E-16
7291.03229101958  2.787315E-16
7294.09154304328  2.866100E-16
7297.15079506697  2.989078E-16
7300.21004709067  3.205217E-16
7303.26929911437  2.974945E-16
7306.32855113807  2.777222E-16
7309.38780316177  2.979830E-16
7312.44705518546  2.680312E-16
7315.50630720916  2.989363E-16
7318.56555923286  2.800140E-16
7321.62481125655  2.756481E-16
7324.68406328025  3.033965E-16
7327.74331530394  2.708190E-16
7330.80256732764  2.875682E-16
7333.86181935134  2.812255E-16
7336.92107137504  2.774361E-16
7339.98032339873  2.857345E-16
7343.03957542243  2.884698E-16
7346.09882744613  2.847399E-16
7349.15807946982  2.916891E-16
7352.21733149352  2.742825E-16
7355.27658351722  2.942304E-16
7358.33583554091  3.060024E-16
7361.39508756461  2.836763E-16
7364.45433958831  2.836859E-16
7367.51359161201  2.610493E-16
7370.5728436357  2.549408E-16
7373.6320956594  2.660425E-16
7376.6913476831  2.683982E-16
7379.75059970679  2.810837E-16
7382.80985173049  2.978748E-16
7385.86910375419  2.647756E-16
7388.92835577788  2.668722E-16
7391.98760780158  2.696566E-16
7395.04685982528  2.845138E-16
7398.10611184897  2.915024E-16
7401.16536387267  2.536877E-16
7404.22461589637  2.541606E-16
7407.28386792007  3.015088E-16
7410.34311994376  2.741588E-16
7413.40237196746  2.430770E-16
7416.46162399116  2.559943E-16
7419.52087601485  2.611904E-16
7422.58012803855  2.886932E-16
7425.63938006225  2.839247E-16
7428.69863208594  2.849151E-16
7431.75788410964  2.738759E-16
7434.81713613334  2.679424E-16
7437.87638815703  2.796995E-16
7440.93564018073  3.036678E-16
7443.99489220443  3.015583E-16
7447.05414422813  2.927833E-16
7450.11339625182  2.836742E-16
7453.17264827552  3.009257E-16
7456.23190029922  3.118822E-16
7459.29115232291  3.044435E-16
7462.35040434661  2.889368E-16
7465.40965637031  2.876025E-16
7468.468908394  2.866795E-16
7471.5281604177  2.722211E-16
7474.5874124414  2.501650E-16
7477.64666446509  2.506280E-16
7480.70591648879  2.381878E-16
7483.76516851249  2.331367E-16
7486.82442053618  2.445761E-16
7489.88367255988  2.609368E-16
7492.94292458358  2.731483E-16
7496.00217660728  2.804155E-16
7499.06142863097  2.812421E-16
7502.12068065467  2.835099E-16
7505.17993267837  2.715804E-16
7508.23918470206  2.595786E-16
7511.29843672576  2.632330E-16
7514.35768874946  2.637736E-16
7517.41694077315  2.818235E-16
7520.47619279685  2.883314E-16
7523.53544482055  2.866343E-16
7526.59469684424  2.886950E-16
7529.65394886794  3.069368E-16
7532.71320089164  3.030663E-16
7535.77245291533  2.919758E-16
7538.83170493903  2.875341E-16
7541.89095696273  3.036558E-16
7544.95020898642  3.117449E-16
7548.00946101012  2.777035E-16
7551.06871303382  2.743376E-16
7554.12796505752  2.758364E-16
7557.18721708121  2.780437E-16
7560.24646910491  2.746620E-16
7563.30572112861  2.574946E-16
7566.3649731523  2.522751E-16
7569.424225176  2.586816E-16
7572.4834771997  2.593294E-16
7575.54272922339  2.747387E-16
7578.60198124709  2.706823E-16
7581.66123327079  2.538009E-16
7584.72048529449  2.554525E-16
7587.77973731818  2.451372E-16
7590.83898934188  2.439203E-16
7593.89824136558  2.422098E-16
7596.95749338927  2.156056E-16
7600.01674541297  1.503358E-16
7603.07599743667  6.539299E-17
7606.13524946036  3.060567E-17
7609.19450148406  6.290659E-17
7612.25375350776  1.523938E-16
7615.31300553145  1.962730E-16
7618.37225755515  1.877975E-16
7621.43150957885  2.076334E-16
7624.49076160255  2.079636E-16
7627.55001362624  1.756643E-16
7630.60926564994  1.834418E-16
7633.66851767363  1.999285E-16
7636.72776969733  1.747766E-16
7639.78702172103  1.712559E-16
7642.84627374473  1.690823E-16
7645.90552576842  2.209507E-16
7648.96477779212  2.415404E-16
7652.02402981582  2.275569E-16
7655.08328183952  2.394601E-16
7658.14253386321  2.276873E-16
7661.20178588691  2.096923E-16
7664.26103791061  2.180024E-16
7667.3202899343  2.348253E-16
7670.379541958  2.292074E-16
7673.4387939817  2.191024E-16
7676.49804600539  2.475183E-16
7679.55729802909  2.616901E-16
7682.61655005279  2.464937E-16
7685.67580207648  2.316296E-16
7688.73505410018  2.213276E-16
7691.79430612388  2.024405E-16
7694.85355814757  2.149335E-16
7697.91281017127  2.324250E-16
7700.97206219497  2.517968E-16
7704.03131421867  2.559475E-16
7707.09056624236  2.472340E-16
7710.14981826606  2.614324E-16
7713.20907028976  2.546353E-16
7716.26832231345  2.437978E-16
7719.32757433715  2.496498E-16
7722.38682636085  2.587726E-16
7725.44607838454  2.573341E-16
7728.50533040824  2.399348E-16
7731.56458243194  2.690352E-16
7734.62383445563  2.649849E-16
7737.68308647933  2.501748E-16
7740.74233850303  2.540632E-16
7743.80159052673  2.446372E-16
7746.86084255042  2.510722E-16
7749.92009457412  2.421372E-16
7752.97934659782  2.272258E-16
7756.03859862151  2.303417E-16
7759.09785064521  2.404833E-16
7762.15710266891  2.490729E-16
7765.2163546926  2.314612E-16
7768.2756067163  1.893456E-16
7771.33485874  1.757626E-16
7774.39411076369  1.659781E-16
7777.45336278739  1.495883E-16
7780.51261481109  1.646643E-16
7783.57186683478  1.948429E-16
7786.63111885848  2.081559E-16
7789.69037088218  2.218560E-16
7792.74962290587  2.410142E-16
7795.80887492957  2.288299E-16
7798.86812695327  2.155987E-16
7801.92737897697  2.287770E-16
7804.98663100066  2.358756E-16
7808.04588302436  2.307035E-16
7811.10513504806  2.413662E-16
7814.16438707175  2.425143E-16
7817.22363909545  2.376412E-16
7820.28289111915  2.056229E-16
7823.34214314284  2.198753E-16
7826.40139516654  2.341985E-16
7829.46064719024  2.227282E-16
7832.51989921393  2.220069E-16
7835.57915123763  1.913348E-16
7838.63840326133  2.175621E-16
7841.69765528503  2.127033E-16
7844.75690730872  2.159095E-16
7847.81615933242  2.460745E-16
7850.87541135612  2.111617E-16
7853.93466337981  2.351816E-16
7856.99391540351  2.049595E-16
7860.05316742721  2.048195E-16
7863.1124194509  2.092417E-16
7866.1716714746  2.047913E-16
7869.2309234983  2.506534E-16
7872.290175522  2.366857E-16
7875.34942754569  2.316534E-16
7878.40867956939  2.262099E-16
7881.46793159309  2.133187E-16
7884.52718361678  2.192778E-16
7887.58643564048  2.263784E-16
7890.64568766418  2.240414E-16
7893.70493968787  2.251100E-16
7896.76419171157  2.265173E-16
7899.82344373527  2.309299E-16
7902.88269575896  2.206505E-16
7905.94194778266  2.187026E-16
7909.00119980636  2.146321E-16
7912.06045183005  2.442145E-16
7915.11970385375  2.550052E-16
7918.17895587745  2.349592E-16
7921.23820790115  2.333429E-16
7924.29745992484  2.230632E-16
7927.35671194854  2.246505E-16
7930.41596397224  2.209182E-16
7933.47521599593  2.175633E-16
7936.53446801963  2.183237E-16
7939.59372004333  2.071811E-16
7942.65297206702  1.848882E-16
7945.71222409072  1.667519E-16
7948.77147611442  1.738241E-16
7951.83072813811  1.849393E-16
7954.88998016181  1.791167E-16
7957.94923218551  1.675936E-16
7961.00848420921  2.010884E-16
7964.0677362329  2.264813E-16
7967.1269882566  2.229215E-16
7970.1862402803  2.214226E-16
7973.24549230399  2.350031E-16
7976.30474432769  2.267273E-16
7979.36399635139  2.053948E-16
7982.42324837508  2.127396E-16
7985.48250039878  2.236018E-16
7988.54175242248  2.011817E-16
7991.60100444617  1.916027E-16
7994.66025646987  2.192741E-16
7997.71950849357  1.987578E-16
8000.77876051726  2.092057E-16
8003.83801254096  2.481168E-16
8006.89726456466  2.258750E-16
8009.95651658836  2.184176E-16
8013.01576861205  2.198540E-16
8016.07502063575  1.978247E-16
8019.13427265945  1.946233E-16
8022.19352468314  2.123048E-16
8025.25277670684  2.146839E-16
8028.31202873054  2.023644E-16
8031.37128075423  2.123104E-16
8034.43053277793  2.198365E-16
8037.48978480163  2.173959E-16
8040.54903682532  2.191680E-16
8043.60828884902  2.379918E-16
8046.66754087272  2.291572E-16
8049.72679289641  2.047723E-16
8052.78604492011  2.155609E-16
8055.84529694381  2.193077E-16
8058.9045489675  1.877807E-16
8061.9638009912  2.151306E-16
8065.0230530149  2.165056E-16
8068.0823050386  2.036639E-16
8071.14155706229  2.140625E-16
8074.20080908599  2.316872E-16
8077.26006110969  2.378714E-16
8080.31931313338  2.199458E-16
8083.37856515708  2.229491E-16
8086.43781718078  2.033013E-16
8089.49706920447  1.943534E-16
8092.55632122817  2.251551E-16
8095.61557325187  2.217878E-16
8098.67482527556  2.200229E-16
8101.73407729926  2.068702E-16
8104.79332932296  2.131353E-16
8107.85258134665  2.268437E-16
8110.91183337035  2.324293E-16
8113.97108539405  2.510754E-16
8117.03033741775  2.011299E-16
8120.08958944144  1.959959E-16
8123.14884146514  2.096960E-16
8126.20809348884  2.025542E-16
8129.26734551253  2.128056E-16
8132.32659753623  1.906065E-16
8135.38584955993  2.158275E-16
8138.44510158362  2.124904E-16
8141.50435360732  1.928451E-16
8144.56360563102  2.087294E-16
8147.62285765471  2.099210E-16
8150.68210967841  2.109552E-16
8153.74136170211  1.916797E-16
8156.80061372581  2.035382E-16
8159.8598657495  2.136053E-16
8162.9191177732  1.705201E-16
8165.9783697969  1.874530E-16
8169.03762182059  1.876933E-16
8172.09687384429  2.049954E-16
8175.15612586799  2.115058E-16
8178.21537789168  1.911611E-16
8181.27462991538  1.891127E-16
8184.33388193908  1.913251E-16
8187.39313396278  1.838275E-16
8190.45238598647  1.699161E-16
8193.51163801017  1.678459E-16
8196.57089003387  1.707501E-16
8199.63014205756  1.743875E-16
8202.68939408126  1.884612E-16
8205.74864610495  1.831361E-16
8208.80789812865  1.712163E-16
8211.86715015235  1.743243E-16
8214.92640217605  1.850938E-16
8217.98565419974  1.660555E-16
8221.04490622344  1.769631E-16
8224.10415824714  1.803982E-16
8227.16341027084  1.741634E-16
8230.22266229453  1.687596E-16
8233.28191431823  1.459603E-16
8236.34116634192  1.551664E-16
8239.40041836562  1.554339E-16
8242.45967038932  1.778928E-16
8245.51892241302  2.054275E-16
8248.57817443671  1.990423E-16
8251.63742646041  1.865642E-16
8254.69667848411  1.985891E-16
8257.7559305078  1.909568E-16
8260.8151825315  1.986320E-16
8263.8744345552  2.123316E-16
8266.93368657889  1.814419E-16
8269.99293860259  2.008278E-16
8273.05219062629  1.875330E-16
8276.11144264998  1.649700E-16
8279.17069467368  1.868099E-16
8282.22994669738  2.013526E-16
8285.28919872108  1.827243E-16
8288.34845074477  2.027036E-16
8291.40770276847  2.037262E-16
8294.46695479217  1.970041E-16
8297.52620681586  2.185901E-16
8300.58545883956  2.257507E-16
8303.64471086326  1.979699E-16
8306.70396288695  1.911535E-16
8309.76321491065  1.942731E-16
8312.82246693435  1.849292E-16
8315.88171895804  1.874441E-16
8318.94097098174  1.984443E-16
8322.00022300544  1.957079E-16
8325.05947502914  1.850518E-16
8328.11872705283  1.983169E-16
8331.17797907653  2.015583E-16
8334.23723110023  1.788247E-16
8337.29648312392  1.635731E-16
8340.35573514762  1.722736E-16
8343.41498717132  1.951290E-16
8346.47423919501  2.095516E-16
8349.53349121871  2.126719E-16
8352.59274324241  2.211837E-16
8355.6519952661  1.993775E-16
8358.7112472898  2.080960E-16
8361.7704993135  2.120502E-16
8364.82975133719  2.087908E-16
8367.88900336089  2.343296E-16
8370.94825538459  2.123568E-16
8374.00750740829  2.015829E-16
8377.06675943198  2.077250E-16
8380.12601145568  2.114221E-16
8383.18526347938  2.132442E-16
8386.24451550307  2.145526E-16
8389.30376752677  2.150710E-16
8392.36301955047  2.282273E-16
8395.42227157416  2.206523E-16
8398.48152359786  1.909147E-16
8401.54077562156  1.832805E-16
8404.60002764525  1.893832E-16
8407.65927966895  2.137594E-16
8410.71853169265  2.101851E-16
8413.77778371635  1.984009E-16
8416.83703574004  1.984906E-16
8419.89628776374  1.928322E-16
8422.95553978743  1.784422E-16
8426.01479181113  1.817469E-16
8429.07404383483  2.065993E-16
8432.13329585853  2.091460E-16
8435.19254788222  1.587427E-16
8438.25179990592  1.668773E-16
8441.31105192962  1.618204E-16
8444.37030395331  1.681534E-16
8447.42955597701  1.523724E-16
8450.48880800071  1.357152E-16
8453.5480600244  1.599994E-16
8456.6073120481  1.786620E-16
8459.6665640718  1.847932E-16
8462.7258160955  1.979761E-16
8465.78506811919  2.157905E-16
8468.84432014289  2.308813E-16
8471.90357216659  2.262237E-16
8474.96282419028  2.086030E-16
8478.02207621398  2.037562E-16
8481.08132823768  2.057519E-16
8484.14058026137  1.965851E-16
8487.19983228507  1.968923E-16
8490.25908430877  2.043795E-16
8493.31833633246  1.957611E-16
8496.37758835616  1.671841E-16
8499.43684037986  1.485012E-16
8502.49609240356  1.745483E-16
8505.55534442725  1.799156E-16
8508.61459645095  1.723739E-16
8511.67384847465  1.811432E-16
8514.73310049834  2.052996E-16
8517.79235252204  2.178133E-16
8520.85160454574  1.991971E-16
8523.91085656943  1.900263E-16
8526.97010859313  1.964928E-16
8530.02936061683  2.094228E-16
8533.08861264052  2.058650E-16
8536.14786466422  1.636488E-16
8539.20711668792  1.595225E-16
8542.26636871161  1.458471E-16
8545.32562073531  1.284225E-16
8548.38487275901  1.498401E-16
8551.44412478271  1.688176E-16
8554.5033768064  1.738059E-16
8557.5626288301  2.005030E-16
8560.6218808538  1.873394E-16
8563.68113287749  1.766358E-16
8566.74038490119  2.039086E-16
8569.79963692489  1.950923E-16
8572.85888894858  1.917699E-16
8575.91814097228  1.969256E-16
8578.97739299598  1.983188E-16
8582.03664501967  2.128971E-16
8585.09589704337  2.282143E-16
8588.15514906707  1.936120E-16
8591.21440109077  2.142977E-16
8594.27365311446  2.301318E-16
8597.33290513816  2.251499E-16
8600.39215716186  1.980644E-16
8603.45140918555  1.960882E-16
8606.51066120925  2.232989E-16
8609.56991323295  2.413140E-16
8612.62916525664  2.118155E-16
8615.68841728034  1.926590E-16
8618.74766930404  2.111996E-16
8621.80692132774  1.959059E-16
8624.86617335143  2.368442E-16
8627.92542537513  2.159687E-16
8630.98467739883  1.833656E-16
8634.04392942252  2.028259E-16
8637.10318144622  2.257004E-16
8640.16243346992  2.125853E-16
8643.22168549361  1.726932E-16
8646.28093751731  1.769459E-16
8649.34018954101  1.856310E-16
8652.3994415647  1.652318E-16
8655.4586935884  1.720852E-16
8658.5179456121  1.659834E-16
8661.57719763579  1.647426E-16
8664.63644965949  1.384422E-16
8667.69570168319  1.261074E-16
8670.75495370688  1.527579E-16
8673.81420573058  1.624639E-16
8676.87345775428  1.897293E-16
8679.93270977798  1.829673E-16
8682.99196180167  1.696816E-16
8686.05121382537  1.891737E-16
8689.11046584907  1.407742E-16
8692.16971787276  1.413091E-16
8695.22896989646  1.711404E-16
8698.28822192016  1.768941E-16
8701.34747394385  1.768985E-16
8704.40672596755  1.714420E-16
8707.46597799125  1.663201E-16
8710.52523001494  1.615931E-16
8713.58448203864  1.598700E-16
8716.64373406234  1.574572E-16
8719.70298608603  1.546123E-16
8722.76223810973  1.652485E-16
8725.82149013343  1.723005E-16
8728.88074215713  1.766969E-16
8731.93999418082  1.732975E-16
8734.99924620452  1.542872E-16
8738.05849822822  1.300023E-16
8741.11775025191  1.510893E-16
8744.17700227561  1.777662E-16
8747.23625429931  1.634383E-16
8750.295506323  1.393025E-16
8753.3547583467  1.588732E-16
8756.4140103704  1.703886E-16
8759.47326239409  1.934113E-16
8762.53251441779  1.845647E-16
8765.59176644149  1.758923E-16
8768.65101846519  1.899051E-16
8771.71027048888  1.750948E-16
8774.76952251258  1.851420E-16
8777.82877453628  1.942457E-16
8780.88802655998  1.948225E-16
8783.94727858367  1.962953E-16
8787.00653060737  1.972987E-16
8790.06578263107  1.874819E-16
8793.12503465476  1.607875E-16
8796.18428667846  1.614586E-16
8799.24353870216  1.747293E-16
8802.30279072585  1.681625E-16
8805.36204274955  1.632335E-16
8808.42129477325  1.724754E-16
8811.48054679694  1.703133E-16
8814.53979882064  1.746964E-16
8817.59905084434  1.793355E-16
8820.65830286803  1.659185E-16
8823.71755489173  1.773534E-16
8826.77680691543  1.777923E-16
8829.83605893913  1.726364E-16
8832.89531096282  1.611742E-16
8835.95456298652  1.411856E-16
8839.01381501022  1.749529E-16
8842.07306703391  1.657311E-16
8845.13231905761  1.718176E-16
8848.19157108131  1.954115E-16
8851.250823105  1.705795E-16
8854.3100751287  1.795225E-16
8857.3693271524  1.813998E-16
8860.42857917609  1.753730E-16
8863.48783119979  1.640661E-16
8866.54708322349  1.695426E-16
8869.60633524718  1.933342E-16
8872.66558727088  1.462558E-16
8875.72483929458  1.209080E-16
8878.78409131828  1.371335E-16
8881.84334334197  1.509230E-16
8884.90259536567  1.500848E-16
8887.96184738937  1.375175E-16
8891.02109941306  1.325473E-16
8894.08035143676  1.392606E-16
8897.13960346046  1.464845E-16
8900.19885548415  1.435187E-16
8903.25810750785  1.326668E-16
8906.31735953155  1.605734E-16
8909.37661155524  1.563058E-16
8912.43586357894  1.500503E-16
8915.49511560264  1.563912E-16
8918.55436762634  1.571210E-16
8921.61361965003  1.460000E-16
8924.67287167373  1.422527E-16
8927.73212369743  1.273228E-16
8930.79137572112  1.218260E-16
8933.85062774482  1.481662E-16
8936.90987976852  1.654943E-16
8939.96913179221  1.576493E-16
8943.02838381591  1.653347E-16
8946.08763583961  1.665498E-16
8949.1468878633  1.565587E-16
8952.206139887  1.611938E-16
8955.2653919107  1.558566E-16
8958.3246439344  1.635614E-16
8961.38389595809  1.595796E-16
8964.44314798179  1.431435E-16
8967.50240000548  1.440385E-16
8970.56165202918  1.458174E-16
8973.62090405288  1.311799E-16
8976.68015607658  1.518383E-16
8979.73940810027  1.744351E-16
8982.79866012397  1.881332E-16
8985.85791214767  1.777701E-16
8988.91716417137  1.620612E-16
8991.97641619506  1.535100E-16
8995.03566821876  1.413713E-16
8998.09492024246  1.339881E-16
9001.15417226615  1.391455E-16
9004.21342428985  1.152377E-16
9007.27267631354  1.324992E-16
9010.33192833724  1.519060E-16
9013.39118036094  1.267602E-16
9016.45043238464  1.156400E-16
9019.50968440833  1.515357E-16
9022.56893643203  1.564085E-16
9025.62818845573  1.472699E-16
9028.68744047942  1.517925E-16
9031.74669250312  1.586596E-16
9034.80594452682  1.590900E-16
9037.86519655051  1.474652E-16
9040.92444857421  1.448388E-16
9043.98370059791  1.607918E-16
9047.04295262161  1.497622E-16
9050.1022046453  1.363078E-16
9053.161456669  1.566671E-16
9056.2207086927  1.463273E-16
9059.27996071639  1.336957E-16
9062.33921274009  1.156647E-16
9065.39846476379  1.040618E-16
9068.45771678748  1.182944E-16
9071.51696881118  1.115398E-16
9074.57622083488  1.189205E-16
9077.63547285857  1.210070E-16
9080.69472488227  1.165553E-16
9083.75397690597  1.168677E-16
9086.81322892967  1.060437E-16
9089.87248095336  1.015254E-16
9092.93173297706  1.050583E-16
9095.99098500076  1.108870E-16
9099.05023702445  1.159780E-16
9102.10948904815  1.113638E-16
9105.16874107185  1.033510E-16
9108.22799309554  1.220810E-16
9111.28724511924  1.142764E-16
9114.34649714294  9.544819E-17
9117.40574916663  1.082184E-16
9120.46500119033  1.202347E-16
9123.52425321403  1.129334E-16
9126.58350523772  1.008986E-16
9129.64275726142  1.004977E-16
9132.70200928512  1.044931E-16
9135.76126130882  1.036183E-16
9138.82051333251  1.165543E-16
9141.87976535621  1.213873E-16
9144.93901737991  1.082066E-16
9147.9982694036  1.101459E-16
9151.0575214273  1.223223E-16
9154.116773451  9.848324E-17
9157.17602547469  1.073917E-16
9160.23527749839  1.208098E-16
9163.29452952209  1.228771E-16
9166.35378154578  1.253291E-16
9169.41303356948  1.203335E-16
9172.47228559318  1.196471E-16
9175.53153761687  1.387387E-16
9178.59078964057  1.335011E-16
9181.65004166427  1.140490E-16
9184.70929368796  1.009047E-16
9187.76854571166  1.242662E-16
9190.82779773536  1.249895E-16
9193.88704975906  1.277564E-16
9196.94630178275  1.285916E-16
9200.00555380645  1.119384E-16
9203.06480583015  1.385540E-16
9206.12405785384  1.344467E-16
9209.18330987754  1.274449E-16
9212.24256190124  1.230709E-16
9215.30181392494  1.220379E-16
9218.36106594863  1.386648E-16
9221.42031797233  1.014847E-16
9224.47956999602  1.075528E-16
9227.53882201972  1.349596E-16
9230.59807404342  1.247645E-16
9233.65732606712  1.237068E-16
9236.71657809081  1.222519E-16
9239.77583011451  1.243111E-16
9242.83508213821  1.117920E-16
9245.8943341619  1.182510E-16
9248.9535861856  1.362331E-16
9252.0128382093  1.003269E-16
9255.07209023299  1.026301E-16
9258.13134225669  9.691138E-17
9261.19059428039  7.694741E-17
9264.24984630409  7.068207E-17
9267.30909832778  8.345175E-17
9270.36835035148  9.852556E-17
9273.42760237518  1.004053E-16
9276.48685439887  8.273805E-17
9279.54610642257  8.163016E-17
9282.60535844627  1.117737E-16
9285.66461046996  1.236684E-16
9288.72386249366  1.157449E-16
9291.78311451736  1.040539E-16
9294.84236654105  1.065508E-16
9297.90161856475  1.049438E-16
9300.96087058845  1.077687E-16
9304.02012261214  1.152504E-16
9307.07937463584  1.184516E-16
9310.13862665954  1.027615E-16
9313.19787868324  7.822568E-17
9316.25713070693  8.629680E-17
9319.31638273063  1.003143E-16
9322.37563475433  1.042708E-16
9325.43488677802  1.108569E-16
9328.49413880172  8.912820E-17
9331.55339082542  5.465967E-17
9334.61264284911  6.931336E-17
9337.67189487281  7.569859E-17
9340.73114689651  6.322046E-17
9343.79039892021  5.196674E-17
9346.8496509439  5.994327E-17
9349.9089029676  7.526405E-17
9352.9681549913  7.875593E-17
9356.02740701499  6.499710E-17
9359.08665903869  7.053902E-17
9362.14591106239  7.227522E-17
9365.20516308608  6.960731E-17
9368.26441510978  7.170004E-17
9371.32366713348  7.046522E-17
9374.38291915717  6.959115E-17
9377.44217118087  8.689299E-17
9380.50142320457  8.667972E-17
9383.56067522827  5.960049E-17
9386.61992725196  7.158081E-17
9389.67917927566  6.297703E-17
9392.73843129936  5.189473E-17
9395.79768332305  6.478256E-17
9398.85693534675  5.679949E-17
9401.91618737045  5.286489E-17
9404.97543939414  6.138219E-17
9408.03469141784  6.562518E-17
9411.09394344154  4.747063E-17
9414.15319546524  4.906382E-17
9417.21244748893  4.319141E-17
9420.27169951263  5.540607E-17
9423.33095153633  5.216481E-17
9426.39020356002  4.811916E-17
9429.44945558372  5.440084E-17
9432.50870760742  4.214555E-17
9435.56795963111  3.803087E-17
9438.62721165481  5.640391E-17
9441.68646367851  7.380154E-17
9444.7457157022  7.091673E-17
9447.8049677259  5.353754E-17
9450.8642197496  5.402584E-17
9453.92347177329  5.690655E-17
9456.98272379699  5.233716E-17
9460.04197582069  5.483511E-17
9463.10122784439  5.376734E-17
9466.16047986808  6.117724E-17
9469.21973189178  6.114696E-17
9472.27898391548  4.885150E-17
9475.33823593917  4.364159E-17
9478.39748796287  4.916592E-17
9481.45673998657  4.165877E-17
9484.51599201026  5.126705E-17
9487.57524403396  5.060025E-17
9490.63449605766  4.557400E-17
9493.69374808135  5.418765E-17
9496.75300010505  5.345697E-17
9499.81225212875  5.007737E-17
9502.87150415245  5.696826E-17
9505.93075617614  6.232363E-17
9508.99000819984  6.189401E-17
9512.04926022354  6.304662E-17
9515.10851224723  6.280941E-17
9518.16776427093  4.545380E-17
9521.22701629463  3.924611E-17
9524.28626831832  4.421748E-17
9527.34552034202  5.426727E-17
9530.40477236572  5.710809E-17
9533.46402438941  5.264551E-17
9536.52327641311  5.707887E-17
9539.58252843681  6.090123E-17
9542.64178046051  5.750585E-17
9545.7010324842  5.812428E-17
9548.7602845079  7.298730E-17
9551.8195365316  7.502185E-17
9554.87878855529  5.947035E-17
9557.93804057899  4.698227E-17
9560.99729260269  5.297215E-17
9564.05654462638  4.872734E-17
9567.11579665008  4.653154E-17
9570.17504867378  4.899319E-17
9573.23430069747  5.417543E-17
9576.29355272117  5.570222E-17
9579.35280474487  5.067025E-17
9582.41205676856  4.776498E-17
9585.47130879226  5.581003E-17
9588.53056081596  5.525003E-17
9591.58981283965  5.407962E-17
9594.64906486335  7.017301E-17
9597.70831688705  6.211404E-17
9600.76756891075  5.832458E-17
9603.82682093444  5.264820E-17
9606.88607295814  7.223797E-17
9609.94532498184  8.322855E-17
9613.00457700553  6.484230E-17
9616.06382902923  4.921468E-17
9619.12308105293  5.514574E-17
9622.18233307662  6.240417E-17
9625.24158510032  8.058033E-17
9628.30083712402  9.003386E-17
9631.36008914771  7.754597E-17
9634.41934117141  5.929858E-17
9637.47859319511  6.667084E-17
9640.53784521881  7.849444E-17
9643.5970972425  7.283615E-17
9646.6563492662  8.444067E-17
9649.7156012899  7.331402E-17
9652.77485331359  6.026776E-17
9655.83410533729  6.890763E-17
9658.89335736099  8.947328E-17
9661.95260938468  9.360928E-17
9665.01186140838  9.296277E-17
