3367.56105383277  5.359462E-18
3370.62030585647  4.011251E-17
3373.67955788017  5.189275E-17
3376.73880990386  3.094388E-17
3379.79806192756  6.710240E-17
3382.85731395126  7.863621E-17
3385.91656597495  2.143379E-17
3388.97581799865  7.816008E-17
3392.03507002235  1.833136E-17
3395.09432204605  7.101216E-17
3398.15357406974  2.784788E-17
3401.21282609344  2.657772E-17
3404.27207811714  1.278016E-17
3407.33133014083  4.896872E-18
3410.39058216453  -9.740414E-19
3413.44983418823  1.293094E-17
3416.50908621192  3.123290E-17
3419.56833823562  3.295101E-17
3422.62759025932  2.768131E-17
3425.68684228302  4.514396E-17
3428.74609430671  3.866432E-17
3431.80534633041  1.288775E-17
3434.86459835411  5.858202E-17
3437.9238503778  -2.094854E-17
3440.9831024015  1.347989E-18
3444.0423544252  3.425759E-17
3447.10160644889  4.315818E-17
3450.16085847259  5.604800E-18
3453.22011049629  5.373099E-17
3456.27936251998  4.386796E-17
3459.33861454368  1.863033E-17
3462.39786656738  2.082222E-17
3465.45711859107  1.125805E-17
3468.51637061477  3.930298E-17
3471.57562263847  2.819440E-17
3474.63487466216  5.847045E-17
3477.69412668586  2.608822E-17
3480.75337870956  3.386140E-17
3483.81263073326  1.394093E-17
3486.87188275695  2.268076E-17
3489.93113478065  2.117138E-17
3492.99038680435  2.122444E-17
3496.04963882804  8.142371E-18
3499.10889085174  2.341424E-17
3502.16814287544  3.388641E-17
3505.22739489913  3.307743E-17
3508.28664692283  1.974058E-17
3511.34589894653  2.959967E-17
3514.40515097023  2.691153E-17
3517.46440299392  2.904792E-17
3520.52365501762  3.477084E-17
3523.58290704132  1.792091E-17
3526.64215906501  4.017730E-17
3529.70141108871  3.584379E-17
3532.76066311241  4.367262E-17
3535.8199151361  2.561235E-17
3538.8791671598  2.402989E-17
3541.9384191835  2.534500E-17
3544.99767120719  3.106443E-17
3548.05692323089  4.620161E-17
3551.11617525459  2.453274E-17
3554.17542727829  3.139610E-17
3557.23467930198  1.717638E-17
3560.29393132568  1.289036E-17
3563.35318334938  2.682093E-17
3566.41243537307  2.317816E-17
3569.47168739677  3.655305E-17
3572.53093942047  1.914374E-17
3575.59019144416  3.309833E-17
3578.64944346786  2.375231E-17
3581.70869549156  1.656973E-17
3584.76794751525  3.920288E-17
3587.82719953895  2.956708E-17
3590.88645156265  2.183238E-17
3593.94570358634  2.576489E-17
3597.00495561004  2.950457E-17
3600.06420763374  3.335188E-17
3603.12345965743  3.390310E-17
3606.18271168113  2.163137E-17
3609.24196370483  1.761789E-17
3612.30121572853  2.030357E-17
3615.36046775222  2.087333E-17
3618.41971977592  1.895699E-17
3621.47897179962  2.916101E-17
3624.53822382331  2.411162E-17
3627.59747584701  2.578983E-17
3630.65672787071  2.405158E-17
3633.7159798944  2.821255E-17
3636.7752319181  2.570260E-17
3639.8344839418  2.289678E-17
3642.8937359655  2.601995E-17
3645.95298798919  2.406199E-17
3649.01224001289  2.291237E-17
3652.07149203659  2.118041E-17
3655.13074406028  2.616239E-17
3658.18999608398  2.670466E-17
3661.24924810768  2.269043E-17
3664.30850013137  2.817029E-17
3667.36775215507  3.384719E-17
3670.42700417877  2.501074E-17
3673.48625620246  3.175367E-17
3676.54550822616  3.251143E-17
3679.60476024986  3.649012E-17
3682.66401227355  3.258014E-17
3685.72326429725  2.917988E-17
3688.78251632095  2.849363E-17
3691.84176834465  3.060456E-17
3694.90102036834  3.235106E-17
3697.96027239204  2.131408E-17
3701.01952441574  1.680931E-17
3704.07877643943  2.469131E-17
3707.13802846313  3.291698E-17
3710.19728048683  3.033826E-17
3713.25653251052  3.138584E-17
3716.31578453422  2.903658E-17
3719.37503655792  3.064988E-17
3722.43428858161  2.678822E-17
3725.49354060531  2.899490E-17
3728.55279262901  2.657365E-17
3731.61204465271  2.559322E-17
3734.6712966764  2.391255E-17
3737.7305487001  3.364391E-17
3740.7898007238  3.743307E-17
3743.84905274749  3.574137E-17
3746.90830477119  2.837477E-17
3749.96755679489  3.475640E-17
3753.02680881858  2.763547E-17
3756.08606084228  2.699283E-17
3759.14531286598  2.872344E-17
3762.20456488967  3.435083E-17
3765.26381691337  3.605566E-17
3768.32306893707  3.828428E-17
3771.38232096076  3.442767E-17
3774.44157298446  3.293640E-17
3777.50082500816  3.580737E-17
3780.56007703186  3.358269E-17
3783.61932905555  2.781892E-17
3786.67858107925  2.944264E-17
3789.73783310295  3.211454E-17
3792.79708512664  3.269153E-17
3795.85633715034  3.575836E-17
3798.91558917404  3.650540E-17
3801.97484119773  3.091556E-17
3805.03409322143  3.786373E-17
3808.09334524513  2.742217E-17
3811.15259726883  2.934701E-17
3814.21184929252  3.554104E-17
3817.27110131622  2.884936E-17
3820.33035333992  2.757607E-17
3823.38960536361  2.453595E-17
3826.44885738731  2.452701E-17
3829.50810941101  2.263118E-17
3832.5673614347  2.526043E-17
3835.6266134584  3.114151E-17
3838.6858654821  3.155613E-17
3841.74511750579  3.520675E-17
3844.80436952949  3.249564E-17
3847.86362155319  3.196065E-17
3850.92287357688  3.031134E-17
3853.98212560058  3.066292E-17
3857.04137762428  3.271989E-17
3860.10062964798  3.735522E-17
3863.15988167167  3.730029E-17
3866.21913369537  3.772047E-17
3869.27838571907  3.813772E-17
3872.33763774276  3.600073E-17
3875.39688976646  3.640117E-17
3878.45614179016  3.841939E-17
3881.51539381385  3.809462E-17
3884.57464583755  3.697227E-17
3887.63389786125  3.450235E-17
3890.69314988494  3.348301E-17
3893.75240190864  3.266792E-17
3896.81165393234  3.046403E-17
3899.87090595603  3.199139E-17
3902.93015797973  3.713314E-17
3905.98941000343  4.052345E-17
3909.04866202713  3.223294E-17
3912.10791405082  3.244925E-17
3915.16716607452  3.366732E-17
3918.22641809822  3.417682E-17
3921.28567012191  3.472802E-17
3924.34492214561  3.034061E-17
3927.40417416931  2.501596E-17
3930.463426193  2.544715E-17
3933.5226782167  2.992584E-17
3936.5819302404  3.353578E-17
3939.64118226409  3.123524E-17
3942.70043428779  3.311152E-17
3945.75968631149  3.900550E-17
3948.81893833519  3.380858E-17
3951.87819035888  3.539568E-17
3954.93744238258  3.708620E-17
3957.99669440628  3.390257E-17
3961.05594642997  2.823490E-17
3964.11519845367  2.913861E-17
3967.17445047737  2.862931E-17
3970.23370250106  3.470699E-17
3973.29295452476  3.583637E-17
3976.35220654846  3.236993E-17
3979.41145857215  3.843562E-17
3982.47071059585  3.197321E-17
3985.52996261955  3.923182E-17
3988.58921464325  3.449768E-17
3991.64846666694  3.884700E-17
3994.70771869064  3.930709E-17
3997.76697071434  3.958442E-17
4000.82622273803  3.980814E-17
4003.88547476173  3.522005E-17
4006.94472678543  3.703869E-17
4010.00397880912  3.811167E-17
4013.06323083282  4.046251E-17
4016.12248285652  3.399694E-17
4019.18173488021  3.336477E-17
4022.24098690391  3.669931E-17
4025.30023892761  3.531932E-17
4028.3594909513  3.494556E-17
4031.418742975  3.536085E-17
4034.4779949987  3.758737E-17
4037.53724702239  3.656085E-17
4040.59649904609  3.740160E-17
4043.65575106979  3.663892E-17
4046.71500309349  3.987342E-17
4049.77425511718  3.897028E-17
4052.83350714088  3.871572E-17
4055.89275916458  3.581909E-17
4058.95201118827  3.348560E-17
4062.01126321197  3.075349E-17
4065.07051523567  3.364195E-17
4068.12976725936  3.202102E-17
4071.18901928306  3.467637E-17
4074.24827130676  3.406007E-17
4077.30752333046  3.765892E-17
4080.36677535415  3.472536E-17
4083.42602737785  3.603721E-17
4086.48527940155  3.887567E-17
4089.54453142524  4.064438E-17
4092.60378344894  4.062294E-17
4095.66303547264  3.991837E-17
4098.72228749633  4.160026E-17
4101.78153952003  4.066398E-17
4104.84079154373  4.060053E-17
4107.90004356742  4.155716E-17
4110.95929559112  3.913610E-17
4114.01854761482  3.672775E-17
4117.07779963852  4.083607E-17
4120.13705166221  3.819628E-17
4123.19630368591  3.657035E-17
4126.25555570961  4.091228E-17
4129.3148077333  3.880678E-17
4132.374059757  4.165741E-17
4135.4333117807  4.153028E-17
4138.49256380439  4.095205E-17
4141.55181582809  3.904282E-17
4144.61106785179  3.885747E-17
4147.67031987548  3.669560E-17
4150.72957189918  3.673938E-17
4153.78882392288  3.917650E-17
4156.84807594657  3.714641E-17
4159.90732797027  3.897628E-17
4162.96657999397  3.935598E-17
4166.02583201766  3.734623E-17
4169.08508404136  3.861610E-17
4172.14433606506  3.706639E-17
4175.20358808876  3.857959E-17
4178.26284011245  3.890523E-17
4181.32209213615  4.042860E-17
4184.38134415985  3.735291E-17
4187.44059618354  3.608359E-17
4190.49984820724  3.968897E-17
4193.55910023094  3.614787E-17
4196.61835225463  3.357568E-17
4199.67760427833  3.736739E-17
4202.73685630203  3.324629E-17
4205.79610832572  3.264204E-17
4208.85536034942  2.952048E-17
4211.91461237312  3.037137E-17
4214.97386439682  3.169842E-17
4218.03311642051  3.083267E-17
4221.09236844421  3.268233E-17
4224.15162046791  3.102117E-17
4227.2108724916  3.317986E-17
4230.2701245153  3.695236E-17
4233.329376539  3.938802E-17
4236.38862856269  3.941001E-17
4239.44788058639  3.992679E-17
4242.50713261009  3.916020E-17
4245.56638463378  3.592427E-17
4248.62563665748  3.891981E-17
4251.68488868118  4.008168E-17
4254.74414070488  3.972910E-17
4257.80339272857  3.701233E-17
4260.86264475227  3.750880E-17
4263.92189677597  3.845945E-17
4266.98114879966  3.381479E-17
4270.04040082336  3.488337E-17
4273.09965284706  3.979943E-17
4276.15890487076  3.871564E-17
4279.21815689445  3.663823E-17
4282.27740891815  3.596457E-17
4285.33666094185  3.660411E-17
4288.39591296554  3.741119E-17
4291.45516498924  3.640905E-17
4294.51441701294  3.443408E-17
4297.57366903663  3.356531E-17
4300.63292106033  3.484141E-17
4303.69217308403  3.817771E-17
4306.75142510772  3.769284E-17
4309.81067713142  3.878584E-17
4312.86992915512  3.480441E-17
4315.92918117882  3.657813E-17
4318.98843320251  3.514139E-17
4322.04768522621  3.447437E-17
4325.10693724991  3.327741E-17
4328.1661892736  3.630582E-17
4331.2254412973  3.460562E-17
4334.284693321  3.479071E-17
4337.34394534469  3.522635E-17
4340.40319736839  3.205017E-17
4343.46244939209  3.307331E-17
4346.52170141578  3.410603E-17
4349.58095343948  3.295780E-17
4352.64020546318  3.187579E-17
4355.69945748687  3.071755E-17
4358.75870951057  3.200234E-17
4361.81796153427  3.167924E-17
4364.87721355797  2.932504E-17
4367.93646558166  3.096307E-17
4370.99571760536  3.129677E-17
4374.05496962906  3.491751E-17
4377.11422165275  3.545857E-17
4380.17347367645  3.548486E-17
4383.23272570015  3.546105E-17
4386.29197772384  3.626372E-17
4389.35122974754  3.675526E-17
4392.41048177124  3.674415E-17
4395.46973379493  3.756307E-17
4398.52898581863  3.501188E-17
4401.58823784233  3.530150E-17
4404.64748986602  3.653542E-17
4407.70674188972  3.689917E-17
4410.76599391342  3.890334E-17
4413.82524593712  3.802111E-17
4416.88449796081  3.704569E-17
4419.94374998451  3.367673E-17
4423.00300200821  3.837763E-17
4426.0622540319  3.622361E-17
4429.1215060556  3.530231E-17
4432.1807580793  3.672797E-17
4435.24001010299  3.646105E-17
4438.29926212669  3.488934E-17
4441.35851415039  3.383351E-17
4444.41776617409  3.596990E-17
4447.47701819778  3.319842E-17
4450.53627022148  3.409661E-17
4453.59552224518  3.398856E-17
4456.65477426887  3.038456E-17
4459.71402629257  2.929901E-17
4462.77327831627  3.076073E-17
4465.83253033996  2.982426E-17
4468.89178236366  2.950855E-17
4471.95103438736  3.062453E-17
4475.01028641105  2.553815E-17
4478.06953843475  2.708555E-17
4481.12879045845  2.983645E-17
4484.18804248214  3.031444E-17
4487.24729450584  3.272109E-17
4490.30654652954  3.434736E-17
4493.36579855324  3.521408E-17
4496.42505057693  3.594015E-17
4499.48430260063  3.671700E-17
4502.54355462433  3.449051E-17
4505.60280664802  3.302673E-17
4508.66205867172  3.486088E-17
4511.72131069542  3.564842E-17
4514.78056271911  3.375655E-17
4517.83981474281  3.403979E-17
4520.89906676651  3.396594E-17
4523.9583187902  3.247694E-17
4527.0175708139  3.298042E-17
4530.0768228376  3.061645E-17
4533.13607486129  3.057544E-17
4536.19532688499  3.019458E-17
4539.25457890869  3.358453E-17
4542.31383093238  3.227585E-17
4545.37308295608  3.339991E-17
4548.43233497978  3.076455E-17
4551.49158700348  2.992257E-17
4554.55083902717  3.206670E-17
4557.61009105087  3.340219E-17
4560.66934307457  3.499691E-17
4563.72859509826  3.361195E-17
4566.78784712196  3.195797E-17
4569.84709914566  3.196139E-17
4572.90635116935  3.131661E-17
4575.96560319305  3.023573E-17
4579.02485521675  3.045980E-17
4582.08410724045  2.816147E-17
4585.14335926414  3.044103E-17
4588.20261128784  3.099390E-17
4591.26186331154  2.976329E-17
4594.32111533523  3.216657E-17
4597.38036735893  3.096788E-17
4600.43961938263  2.858243E-17
4603.49887140632  3.015783E-17
4606.55812343002  3.124507E-17
4609.61737545372  3.030727E-17
4612.67662747741  2.893856E-17
4615.73587950111  2.954415E-17
4618.79513152481  3.120347E-17
4621.8543835485  2.892311E-17
4624.9136355722  2.829280E-17
4627.9728875959  2.886252E-17
4631.0321396196  2.760339E-17
4634.09139164329  2.912363E-17
4637.15064366699  2.836307E-17
4640.20989569069  2.936055E-17
4643.26914771438  2.770821E-17
4646.32839973808  2.668776E-17
4649.38765176178  2.654206E-17
4652.44690378547  2.523392E-17
4655.50615580917  2.592076E-17
4658.56540783287  2.531073E-17
4661.62465985656  2.483755E-17
4664.68391188026  2.377047E-17
4667.74316390396  2.511720E-17
4670.80241592766  2.479735E-17
4673.86166795135  2.391077E-17
4676.92091997505  2.405306E-17
4679.98017199875  2.422324E-17
4683.03942402244  2.527292E-17
4686.09867604614  2.601711E-17
4689.15792806984  2.553811E-17
4692.21718009353  2.496743E-17
4695.27643211723  2.485206E-17
4698.33568414093  2.646957E-17
4701.39493616462  2.863068E-17
4704.45418818832  2.658458E-17
4707.51344021202  2.584429E-17
4710.57269223571  2.945220E-17
4713.63194425941  2.786874E-17
4716.69119628311  2.798096E-17
4719.75044830681  3.039420E-17
4722.8097003305  2.908388E-17
4725.8689523542  2.856077E-17
4728.9282043779  2.830991E-17
4731.98745640159  2.590664E-17
4735.04670842529  2.620422E-17
4738.10596044899  2.942047E-17
4741.16521247268  3.157288E-17
4744.22446449638  3.046729E-17
4747.28371652008  3.251732E-17
4750.34296854378  2.944166E-17
4753.40222056747  3.045148E-17
4756.46147259117  2.864103E-17
4759.52072461487  2.827100E-17
4762.57997663856  2.618378E-17
4765.63922866226  2.462387E-17
4768.69848068596  2.528147E-17
4771.75773270965  2.490097E-17
4774.81698473335  2.703478E-17
4777.87623675705  2.875448E-17
4780.93548878074  2.926781E-17
4783.99474080444  2.957106E-17
4787.05399282814  2.915522E-17
4790.11324485183  3.085030E-17
4793.17249687553  3.019244E-17
4796.23174889923  2.974855E-17
4799.29100092293  3.086973E-17
4802.35025294662  3.098460E-17
4805.40950497032  3.018834E-17
4808.46875699402  3.061220E-17
4811.52800901771  2.956684E-17
4814.58726104141  2.975017E-17
4817.64651306511  2.904997E-17
4820.7057650888  3.127427E-17
4823.7650171125  3.148153E-17
4826.8242691362  3.075364E-17
4829.88352115989  3.161579E-17
4832.94277318359  3.104174E-17
4836.00202520729  2.903548E-17
4839.06127723099  2.963431E-17
4842.12052925468  3.019601E-17
4845.17978127838  3.070384E-17
4848.23903330208  3.175592E-17
4851.29828532577  3.008716E-17
4854.35753734947  2.905903E-17
4857.41678937317  3.161853E-17
4860.47604139686  3.077864E-17
4863.53529342056  3.030180E-17
4866.59454544426  2.936391E-17
4869.65379746795  3.085336E-17
4872.71304949165  3.140508E-17
4875.77230151535  2.939195E-17
4878.83155353905  2.984621E-17
4881.89080556274  3.063237E-17
4884.95005758644  3.007766E-17
4888.00930961014  3.058309E-17
4891.06856163383  3.018279E-17
4894.12781365753  3.020845E-17
4897.18706568123  3.013059E-17
4900.24631770492  2.878340E-17
4903.30556972862  2.936217E-17
4906.36482175232  2.997752E-17
4909.42407377601  2.943421E-17
4912.48332579971  3.027694E-17
4915.54257782341  2.812694E-17
4918.6018298471  2.668330E-17
4921.6610818708  2.792688E-17
4924.7203338945  2.790356E-17
4927.7795859182  2.631741E-17
4930.83883794189  2.753473E-17
4933.89808996559  2.841119E-17
4936.95734198929  2.709735E-17
4940.01659401298  2.703113E-17
4943.07584603668  2.914410E-17
4946.13509806038  2.931759E-17
4949.19435008407  2.739249E-17
4952.25360210777  2.890704E-17
4955.31285413147  2.708870E-17
4958.37210615516  2.697152E-17
4961.43135817886  2.601475E-17
4964.49061020256  2.587061E-17
4967.54986222626  2.681863E-17
4970.60911424995  2.595490E-17
4973.66836627365  2.547686E-17
4976.72761829735  2.617595E-17
4979.78687032104  2.454280E-17
4982.84612234474  2.686585E-17
4985.90537436844  2.777294E-17
4988.96462639213  2.793388E-17
4992.02387841583  2.870215E-17
4995.08313043953  2.752825E-17
4998.14238246322  2.747029E-17
5001.20163448692  2.644253E-17
5004.26088651062  2.656608E-17
5007.32013853432  2.709848E-17
5010.37939055801  2.497604E-17
5013.43864258171  2.599145E-17
5016.49789460541  2.282061E-17
5019.5571466291  2.303405E-17
5022.6163986528  2.288603E-17
5025.6756506765  2.522657E-17
5028.73490270019  2.494487E-17
5031.79415472389  2.453161E-17
5034.85340674759  2.463653E-17
5037.91265877128  2.286090E-17
5040.97191079498  2.267839E-17
5044.03116281868  2.358724E-17
5047.09041484237  2.228257E-17
5050.14966686607  2.322441E-17
5053.20891888977  2.295157E-17
5056.26817091347  2.257479E-17
5059.32742293716  2.361254E-17
5062.38667496086  2.426581E-17
5065.44592698456  2.446380E-17
5068.50517900825  2.543344E-17
5071.56443103195  2.591708E-17
5074.62368305565  2.516908E-17
5077.68293507934  2.470800E-17
5080.74218710304  2.539209E-17
5083.80143912674  2.624044E-17
5086.86069115043  2.616128E-17
5089.91994317413  2.594261E-17
5092.97919519783  2.562348E-17
5096.03844722153  2.596100E-17
5099.09769924522  2.627447E-17
5102.15695126892  2.601684E-17
5105.21620329262  2.655224E-17
5108.27545531631  2.540673E-17
5111.33470734001  2.651701E-17
5114.39395936371  2.922216E-17
5117.4532113874  2.761897E-17
5120.5124634111  2.518660E-17
5123.5717154348  2.448820E-17
5126.63096745849  2.449381E-17
5129.69021948219  2.525957E-17
5132.74947150589  2.584098E-17
5135.80872352958  2.588582E-17
5138.86797555328  2.620548E-17
5141.92722757698  2.611401E-17
5144.98647960068  2.457720E-17
5148.04573162437  2.329367E-17
5151.10498364807  2.563262E-17
5154.16423567177  2.457107E-17
5157.22348769546  2.155231E-17
5160.28273971916  2.333374E-17
5163.34199174286  2.185105E-17
5166.40124376655  2.199893E-17
5169.46049579025  2.461436E-17
5172.51974781395  2.514389E-17
5175.57899983764  2.723646E-17
5178.63825186134  2.780809E-17
5181.69750388504  2.700959E-17
5184.75675590874  2.624013E-17
5187.81600793243  2.671022E-17
5190.87525995613  2.778802E-17
5193.93451197983  2.782086E-17
5196.99376400352  2.842324E-17
5200.05301602722  2.887087E-17
5203.11226805092  2.850882E-17
5206.17152007461  2.778661E-17
5209.23077209831  2.799817E-17
5212.29002412201  2.851640E-17
5215.3492761457  2.807471E-17
5218.4085281694  2.634074E-17
5221.4677801931  2.576794E-17
5224.5270322168  2.754360E-17
5227.58628424049  2.624666E-17
5230.64553626419  2.433776E-17
5233.70478828789  2.526317E-17
5236.76404031158  2.764846E-17
5239.82329233528  2.817039E-17
5242.88254435898  2.752863E-17
5245.94179638267  2.722184E-17
5249.00104840637  2.836869E-17
5252.06030043007  2.879543E-17
5255.11955245376  2.656205E-17
5258.17880447746  2.667104E-17
5261.23805650116  2.442547E-17
5264.29730852485  2.415089E-17
5267.35656054855  2.403334E-17
5270.41581257225  2.224290E-17
5273.47506459594  2.366717E-17
5276.53431661964  2.459917E-17
5279.59356864334  2.442438E-17
5282.65282066704  2.676417E-17
5285.71207269073  2.622826E-17
5288.77132471443  2.416064E-17
5291.83057673813  2.590246E-17
5294.88982876182  2.408279E-17
5297.94908078552  2.122682E-17
5301.00833280922  2.347321E-17
5304.06758483291  2.196402E-17
5307.12683685661  2.397934E-17
5310.18608888031  2.541646E-17
5313.24534090401  2.554808E-17
5316.3045929277  2.580562E-17
5319.3638449514  2.527484E-17
5322.4230969751  2.454954E-17
5325.48234899879  2.318742E-17
5328.54160102249  2.192646E-17
5331.60085304619  2.172218E-17
5334.66010506988  2.184407E-17
5337.71935709358  2.399315E-17
5340.77860911728  2.404766E-17
5343.83786114097  2.421699E-17
5346.89711316467  2.412053E-17
5349.95636518837  2.455785E-17
5353.01561721206  2.468466E-17
5356.07486923576  2.362203E-17
5359.13412125946  2.614019E-17
5362.19337328316  2.461717E-17
5365.25262530685  2.467427E-17
5368.31187733055  2.512165E-17
5371.37112935425  2.480713E-17
5374.43038137794  2.372229E-17
5377.48963340164  2.250121E-17
5380.54888542534  2.321645E-17
5383.60813744903  2.413603E-17
5386.66738947273  2.361041E-17
5389.72664149643  2.391344E-17
5392.78589352012  2.358500E-17
5395.84514554382  2.422376E-17
5398.90439756752  2.454037E-17
5401.96364959121  2.368821E-17
5405.02290161491  2.276949E-17
5408.08215363861  2.274618E-17
5411.1414056623  2.239334E-17
5414.200657686  2.312292E-17
5417.2599097097  2.258230E-17
5420.3191617334  2.255632E-17
5423.37841375709  2.271254E-17
5426.43766578079  2.302800E-17
5429.49691780449  2.225615E-17
5432.55616982818  2.109811E-17
5435.61542185188  2.188914E-17
5438.67467387558  2.163408E-17
5441.73392589927  2.065116E-17
5444.79317792297  2.130410E-17
5447.85242994667  2.282544E-17
5450.91168197037  2.387734E-17
5453.97093399406  2.490980E-17
5457.03018601776  2.379235E-17
5460.08943804146  2.212141E-17
5463.14869006515  2.301866E-17
5466.20794208885  2.400761E-17
5469.26719411255  2.141689E-17
5472.32644613624  2.265403E-17
5475.38569815994  2.349900E-17
5478.44495018364  2.304948E-17
5481.50420220733  2.254362E-17
5484.56345423103  2.147495E-17
5487.62270625473  2.334074E-17
5490.68195827843  2.229764E-17
5493.74121030212  2.295928E-17
5496.80046232582  2.140316E-17
5499.85971434952  2.146016E-17
5502.91896637321  2.312154E-17
5505.97821839691  2.272892E-17
5509.03747042061  2.172780E-17
5512.0967224443  2.158515E-17
5515.155974468  2.208976E-17
5518.2152264917  2.189001E-17
5521.2744785154  2.190307E-17
5524.33373053909  2.095989E-17
5527.39298256279  2.004683E-17
5530.45223458649  2.000262E-17
5533.51148661018  2.039013E-17
5536.57073863388  2.103375E-17
5539.62999065758  1.978146E-17
5542.68924268127  1.917133E-17
5545.74849470497  1.926896E-17
5548.80774672867  2.005391E-17
5551.86699875236  1.991346E-17
5554.92625077606  1.889917E-17
5557.98550279976  2.033801E-17
5561.04475482345  2.342544E-17
5564.10400684715  2.317037E-17
5567.16325887085  2.207450E-17
5570.22251089455  2.383605E-17
5573.28176291824  2.372077E-17
5576.34101494194  2.339366E-17
5579.40026696564  2.355958E-17
5582.45951898933  2.212663E-17
5585.51877101303  2.070312E-17
5588.57802303673  2.243509E-17
5591.63727506042  2.088229E-17
5594.69652708412  2.282259E-17
5597.75577910782  2.299214E-17
5600.81503113151  2.332200E-17
5603.87428315521  2.313988E-17
5606.93353517891  2.265166E-17
5609.9927872026  2.447615E-17
5613.0520392263  2.375200E-17
5616.11129125  2.374589E-17
5619.1705432737  2.237040E-17
5622.22979529739  2.176544E-17
5625.28904732109  2.238645E-17
5628.34829934479  2.212387E-17
5631.40755136848  2.156062E-17
5634.46680339218  2.280007E-17
5637.52605541588  2.352485E-17
5640.58530743957  2.217085E-17
5643.64455946327  2.446885E-17
5646.70381148697  2.447132E-17
5649.76306351066  2.393030E-17
5652.82231553436  2.298941E-17
5655.88156755806  2.168180E-17
5658.94081958176  2.334425E-17
5662.00007160545  2.310752E-17
5665.05932362915  2.130721E-17
5668.11857565285  1.997433E-17
5671.17782767654  1.999271E-17
5674.23707970024  2.194297E-17
5677.29633172394  2.356311E-17
5680.35558374763  2.368901E-17
5683.41483577133  2.218357E-17
5686.47408779503  2.118815E-17
5689.53333981873  2.364983E-17
5692.59259184242  2.314419E-17
5695.65184386612  2.247606E-17
5698.71109588981  2.362382E-17
5701.77034791351  2.334963E-17
5704.82959993721  2.261898E-17
5707.88885196091  2.273436E-17
5710.9481039846  2.355658E-17
5714.0073560083  2.389535E-17
5717.066608032  2.335879E-17
5720.12586005569  2.255885E-17
5723.18511207939  2.333876E-17
5726.24436410309  2.455471E-17
5729.30361612678  2.364533E-17
5732.36286815048  2.216215E-17
5735.42212017418  2.297469E-17
5738.48137219787  2.406259E-17
5741.54062422157  2.400170E-17
5744.59987624527  2.360025E-17
5747.65912826897  2.463435E-17
5750.71838029266  2.425748E-17
5753.77763231636  2.235337E-17
5756.83688434006  2.321524E-17
5759.89613636375  2.287871E-17
5762.95538838745  2.396267E-17
5766.01464041115  2.258411E-17
5769.07389243484  2.145700E-17
5772.13314445854  2.232887E-17
5775.19239648224  2.251107E-17
5778.25164850593  2.245954E-17
5781.31090052963  2.246099E-17
5784.37015255333  2.308236E-17
5787.42940457703  2.168191E-17
5790.48865660072  2.161640E-17
5793.54790862442  2.128269E-17
5796.60716064812  1.986004E-17
5799.66641267181  1.941196E-17
5802.72566469551  1.916257E-17
5805.78491671921  1.995386E-17
5808.8441687429  1.945306E-17
5811.9034207666  1.989571E-17
5814.9626727903  2.044087E-17
5818.021924814  2.033751E-17
5821.08117683769  2.091058E-17
5824.14042886139  2.145699E-17
5827.19968088509  2.149794E-17
5830.25893290878  2.135702E-17
5833.31818493248  2.140312E-17
5836.37743695618  2.155702E-17
5839.43668897987  2.169200E-17
5842.49594100357  2.102162E-17
5845.55519302727  2.072886E-17
5848.61444505096  2.270943E-17
5851.67369707466  2.233784E-17
5854.73294909836  2.147983E-17
5857.79220112205  2.163985E-17
5860.85145314575  2.155813E-17
5863.91070516945  2.103839E-17
5866.96995719314  2.109639E-17
5870.02920921684  2.078518E-17
5873.08846124054  2.060780E-17
5876.14771326424  2.139308E-17
5879.20696528793  1.935359E-17
5882.26621731163  1.983579E-17
5885.32546933533  2.019432E-17
5888.38472135902  1.871047E-17
5891.44397338272  1.796727E-17
5894.50322540642  1.807170E-17
5897.56247743011  1.763732E-17
5900.62172945381  1.940477E-17
5903.68098147751  2.061684E-17
5906.74023350121  2.153211E-17
5909.7994855249  2.182762E-17
5912.8587375486  2.115632E-17
5915.9179895723  2.029390E-17
5918.97724159599  2.145254E-17
5922.03649361969  2.100804E-17
5925.09574564339  2.037220E-17
5928.15499766708  2.111699E-17
5931.21424969078  2.143915E-17
5934.27350171448  2.142165E-17
5937.33275373817  2.073957E-17
5940.39200576187  1.932446E-17
5943.45125778557  1.957487E-17
5946.51050980927  1.955323E-17
5949.56976183296  2.027763E-17
5952.62901385666  2.029169E-17
5955.68826588036  1.903981E-17
5958.74751790405  1.886622E-17
5961.80676992775  2.018753E-17
5964.86602195145  1.733264E-17
5967.92527397514  1.897392E-17
5970.98452599884  2.025786E-17
5974.04377802254  1.999610E-17
5977.10303004623  1.979209E-17
5980.16228206993  2.000115E-17
5983.22153409363  1.958388E-17
5986.28078611733  1.983104E-17
5989.34003814102  1.953865E-17
5992.39929016472  1.899197E-17
5995.45854218841  1.928433E-17
5998.51779421211  1.928061E-17
6001.57704623581  1.786868E-17
6004.63629825951  1.665488E-17
6007.6955502832  1.611745E-17
6010.7548023069  1.593306E-17
6013.8140543306  1.515525E-17
6016.87330635429  1.707771E-17
6019.93255837799  1.870992E-17
6022.99181040169  1.871969E-17
6026.05106242538  1.861853E-17
6029.11031444908  1.936114E-17
6032.16956647278  1.986929E-17
6035.22881849647  1.967742E-17
6038.28807052017  1.986293E-17
6041.34732254387  2.129906E-17
6044.40657456757  2.112346E-17
6047.46582659126  1.973950E-17
6050.52507861496  1.983935E-17
6053.58433063866  2.000139E-17
6056.64358266235  1.934079E-17
6059.70283468605  1.941803E-17
6062.76208670975  2.047636E-17
6065.82133873344  2.116790E-17
6068.88059075714  2.008665E-17
6071.93984278084  1.939273E-17
6074.99909480453  1.859048E-17
6078.05834682823  1.997096E-17
6081.11759885193  2.070965E-17
6084.17685087563  1.977367E-17
6087.23610289932  2.041774E-17
6090.29535492302  2.098693E-17
6093.35460694672  1.999355E-17
6096.41385897041  1.922687E-17
6099.47311099411  1.837023E-17
6102.53236301781  1.895476E-17
6105.5916150415  1.934779E-17
6108.6508670652  1.965203E-17
6111.7101190889  1.896055E-17
6114.76937111259  1.833510E-17
6117.82862313629  1.964570E-17
6120.88787515999  2.021338E-17
6123.94712718369  2.001049E-17
6127.00637920738  2.071918E-17
6130.06563123108  2.142758E-17
6133.12488325478  2.079212E-17
6136.18413527847  2.058191E-17
6139.24338730217  2.102433E-17
6142.30263932587  2.011981E-17
6145.36189134956  2.169507E-17
6148.42114337326  2.042571E-17
6151.48039539696  1.938531E-17
6154.53964742065  1.891104E-17
6157.59889944435  1.677622E-17
6160.65815146805  1.720256E-17
6163.71740349174  1.916038E-17
6166.77665551544  1.929628E-17
6169.83590753914  1.952264E-17
6172.89515956283  2.018014E-17
6175.95441158653  2.089724E-17
6179.01366361023  2.124148E-17
6182.07291563393  2.210892E-17
6185.13216765762  2.202784E-17
6188.19141968132  2.050494E-17
6191.25067170502  2.012815E-17
6194.30992372871  2.132703E-17
6197.36917575241  2.192166E-17
6200.42842777611  2.181196E-17
6203.4876797998  2.131502E-17
6206.5469318235  2.125792E-17
6209.6061838472  2.026830E-17
6212.66543587089  2.040847E-17
6215.72468789459  2.174576E-17
6218.78393991829  2.220765E-17
6221.84319194199  2.130882E-17
6224.90244396568  2.063618E-17
6227.96169598938  2.071951E-17
6231.02094801308  1.922589E-17
6234.08020003677  1.943766E-17
6237.13945206047  2.020391E-17
6240.19870408417  1.934665E-17
6243.25795610786  1.875405E-17
6246.31720813156  1.895964E-17
6249.37646015526  1.851813E-17
6252.43571217896  1.844035E-17
6255.49496420265  1.839653E-17
6258.55421622635  1.875373E-17
6261.61346825005  1.966647E-17
6264.67272027374  1.952076E-17
6267.73197229744  1.926016E-17
6270.79122432114  1.971430E-17
6273.85047634483  1.894278E-17
6276.90972836853  1.866229E-17
6279.96898039223  1.988980E-17
6283.02823241592  1.983878E-17
6286.08748443962  1.890173E-17
6289.14673646332  1.980878E-17
6292.20598848701  1.793419E-17
6295.26524051071  1.754618E-17
6298.32449253441  1.819741E-17
6301.3837445581  1.799117E-17
6304.4429965818  1.903347E-17
6307.5022486055  2.062144E-17
6310.5615006292  1.863312E-17
6313.62075265289  1.971693E-17
6316.68000467659  2.001305E-17
6319.73925670029  1.949538E-17
6322.79850872398  1.942108E-17
6325.85776074768  1.944980E-17
6328.91701277138  1.902567E-17
6331.97626479507  1.914008E-17
6335.03551681877  1.833447E-17
6338.09476884247  1.788985E-17
6341.15402086616  1.776753E-17
6344.21327288986  1.815067E-17
6347.27252491356  1.816083E-17
6350.33177693726  1.788459E-17
6353.39102896095  1.764432E-17
6356.45028098465  1.877813E-17
6359.50953300835  1.900996E-17
6362.56878503204  1.833496E-17
6365.62803705574  1.826783E-17
6368.68728907944  1.856904E-17
6371.74654110313  1.836596E-17
6374.80579312683  1.733550E-17
6377.86504515053  1.818341E-17
6380.92429717422  1.857214E-17
6383.98354919792  1.814408E-17
6387.04280122162  1.812744E-17
6390.10205324532  1.864774E-17
6393.16130526901  1.726630E-17
6396.22055729271  1.629473E-17
6399.27980931641  1.828114E-17
6402.3390613401  1.824424E-17
6405.3983133638  1.817402E-17
6408.4575653875  1.811505E-17
6411.51681741119  1.678679E-17
6414.57606943489  1.692781E-17
6417.63532145859  1.775296E-17
6420.69457348228  1.801580E-17
6423.75382550598  1.834816E-17
6426.81307752968  1.905086E-17
6429.87232955337  1.865795E-17
6432.93158157707  1.775310E-17
6435.99083360077  1.850845E-17
6439.05008562446  1.824279E-17
6442.10933764816  1.803226E-17
6445.16858967186  1.842520E-17
6448.22784169556  1.848151E-17
6451.28709371925  1.745777E-17
6454.34634574295  1.678498E-17
6457.40559776665  1.772332E-17
6460.46484979034  1.796227E-17
6463.52410181404  1.809297E-17
6466.58335383774  1.821724E-17
6469.64260586143  1.821489E-17
6472.70185788513  1.847740E-17
6475.76110990883  1.867772E-17
6478.82036193252  1.899388E-17
6481.87961395622  1.800256E-17
6484.93886597992  1.691583E-17
6487.99811800362  1.819508E-17
6491.05737002731  1.946692E-17
6494.11662205101  1.865621E-17
6497.17587407471  1.848215E-17
6500.2351260984  1.802265E-17
6503.2943781221  1.809855E-17
6506.3536301458  1.723437E-17
6509.41288216949  1.734691E-17
6512.47213419319  1.811607E-17
6515.53138621689  1.810193E-17
6518.59063824058  1.860444E-17
6521.64989026428  1.963928E-17
6524.70914228798  1.841436E-17
6527.76839431168  1.777427E-17
6530.82764633537  1.777619E-17
6533.88689835907  1.772068E-17
6536.94615038277  1.813224E-17
6540.00540240646  1.800679E-17
6543.06465443016  1.875786E-17
6546.12390645386  1.822050E-17
6549.18315847755  1.762734E-17
6552.24241050125  1.702259E-17
6555.30166252495  1.698597E-17
6558.36091454865  1.758411E-17
6561.42016657234  1.668256E-17
6564.47941859604  1.703820E-17
6567.53867061974  1.744434E-17
6570.59792264343  1.733984E-17
6573.65717466713  1.743364E-17
6576.71642669083  1.730895E-17
6579.77567871452  1.646198E-17
6582.83493073822  1.667852E-17
6585.89418276192  1.615492E-17
6588.95343478561  1.469304E-17
6592.01268680931  1.475221E-17
6595.07193883301  1.573174E-17
6598.13119085671  1.521217E-17
6601.1904428804  1.716535E-17
6604.2496949041  1.739679E-17
6607.30894692779  1.700961E-17
6610.36819895149  1.558891E-17
6613.42745097519  1.487615E-17
6616.48670299889  1.601378E-17
6619.54595502258  1.641304E-17
6622.60520704628  1.722684E-17
6625.66445906998  1.680415E-17
6628.72371109367  1.823796E-17
6631.78296311737  1.858524E-17
6634.84221514107  1.757125E-17
6637.90146716476  1.859093E-17
6640.96071918846  1.886126E-17
6644.01997121216  1.845686E-17
6647.07922323585  1.800775E-17
6650.13847525955  1.787275E-17
6653.19772728325  1.716282E-17
6656.25697930695  1.670075E-17
6659.31623133064  1.678265E-17
6662.37548335434  1.590703E-17
6665.43473537804  1.625471E-17
6668.49398740173  1.633842E-17
6671.55323942543  1.609805E-17
6674.61249144913  1.651882E-17
6677.67174347282  1.713364E-17
6680.73099549652  1.691891E-17
6683.79024752022  1.538070E-17
6686.84949954392  1.542274E-17
6689.90875156761  1.673752E-17
6692.96800359131  1.720075E-17
6696.02725561501  1.627501E-17
6699.0865076387  1.712878E-17
6702.1457596624  1.834305E-17
6705.2050116861  1.809199E-17
6708.26426370979  1.769166E-17
6711.32351573349  1.772970E-17
6714.38276775719  1.757297E-17
6717.44201978088  1.785516E-17
6720.50127180458  1.763627E-17
6723.56052382828  1.804661E-17
6726.61977585198  1.746690E-17
6729.67902787567  1.818324E-17
6732.73827989937  1.846081E-17
6735.79753192306  1.764446E-17
6738.85678394676  1.788474E-17
6741.91603597046  1.743422E-17
6744.97528799416  1.744918E-17
6748.03454001785  1.839079E-17
6751.09379204155  1.817155E-17
6754.15304406525  1.697902E-17
6757.21229608894  1.741733E-17
6760.27154811264  1.739029E-17
6763.33080013634  1.787703E-17
6766.39005216003  1.845250E-17
6769.44930418373  1.766876E-17
6772.50855620743  1.717981E-17
6775.56780823113  1.850433E-17
6778.62706025482  1.841120E-17
6781.68631227852  1.782729E-17
6784.74556430222  1.644230E-17
6787.80481632592  1.717512E-17
6790.86406834961  1.824406E-17
6793.92332037331  1.796629E-17
6796.982572397  1.779300E-17
6800.0418244207  1.704716E-17
6803.1010764444  1.828387E-17
6806.16032846809  1.759970E-17
6809.21958049179  1.667709E-17
6812.27883251549  1.777596E-17
6815.33808453919  1.791284E-17
6818.39733656288  1.690652E-17
6821.45658858658  1.741099E-17
6824.51584061028  1.704915E-17
6827.57509263397  1.652536E-17
6830.63434465767  1.622837E-17
6833.69359668137  1.664449E-17
6836.75284870506  1.748700E-17
6839.81210072876  1.608268E-17
6842.87135275246  1.649848E-17
6845.93060477616  1.662394E-17
6848.98985679985  1.734131E-17
6852.04910882355  1.814573E-17
6855.10836084725  1.709367E-17
6858.16761287094  1.817454E-17
6861.22686489464  1.879625E-17
6864.28611691834  1.751888E-17
6867.34536894203  1.700053E-17
6870.40462096573  1.831532E-17
6873.46387298943  1.856681E-17
6876.52312501312  1.685017E-17
6879.58237703682  1.765234E-17
6882.64162906052  1.759533E-17
6885.70088108421  1.778411E-17
6888.76013310791  1.810659E-17
6891.81938513161  1.813691E-17
6894.8786371553  1.867978E-17
6897.937889179  1.670789E-17
6900.9971412027  1.683133E-17
6904.0563932264  1.744480E-17
6907.11564525009  1.746340E-17
6910.17489727379  1.713759E-17
6913.23414929749  1.703696E-17
6916.29340132118  1.813024E-17
6919.35265334488  1.787413E-17
6922.41190536858  1.683344E-17
6925.47115739227  1.703541E-17
6928.53040941597  1.671582E-17
6931.58966143967  1.565014E-17
6934.64891346336  1.659629E-17
6937.70816548706  1.678065E-17
6940.76741751076  1.696672E-17
6943.82666953446  1.711004E-17
6946.88592155815  1.674433E-17
6949.94517358185  1.688032E-17
6953.00442560555  1.745428E-17
6956.06367762924  1.710002E-17
6959.12292965294  1.683866E-17
6962.18218167664  1.620233E-17
6965.24143370033  1.596583E-17
6968.30068572403  1.672511E-17
6971.35993774773  1.693237E-17
6974.41918977142  1.780538E-17
6977.47844179512  1.662733E-17
6980.53769381882  1.691001E-17
6983.59694584252  1.694621E-17
6986.65619786621  1.640029E-17
6989.71544988991  1.732894E-17
6992.77470191361  1.727998E-17
6995.8339539373  1.697190E-17
6998.893205961  1.613621E-17
7001.9524579847  1.543691E-17
7005.0117100084  1.538598E-17
7008.07096203209  1.612843E-17
7011.13021405579  1.649961E-17
7014.18946607948  1.627555E-17
7017.24871810318  1.626986E-17
7020.30797012688  1.611870E-17
7023.36722215058  1.662838E-17
7026.42647417427  1.708653E-17
7029.48572619797  1.651652E-17
7032.54497822167  1.707845E-17
7035.60423024536  1.804015E-17
7038.66348226906  1.620655E-17
7041.72273429276  1.541505E-17
7044.78198631646  1.698062E-17
7047.84123834015  1.641582E-17
7050.90049036385  1.671337E-17
7053.95974238755  1.666467E-17
7057.01899441124  1.672786E-17
7060.07824643494  1.693508E-17
7063.13749845864  1.630531E-17
7066.19675048233  1.608409E-17
7069.25600250603  1.713377E-17
7072.31525452973  1.591932E-17
7075.37450655342  1.578159E-17
7078.43375857712  1.599794E-17
7081.49301060082  1.576195E-17
7084.55226262451  1.563454E-17
7087.61151464821  1.525122E-17
7090.67076667191  1.409712E-17
7093.7300186956  1.353914E-17
7096.7892707193  1.436154E-17
7099.848522743  1.550775E-17
7102.9077747667  1.531053E-17
7105.96702679039  1.482034E-17
7109.02627881409  1.511113E-17
7112.08553083779  1.431653E-17
7115.14478286148  1.310303E-17
7118.20403488518  1.147858E-17
7121.26328690888  1.220199E-17
7124.32253893257  1.416261E-17
7127.38179095627  1.481746E-17
7130.44104297997  1.483270E-17
7133.50029500366  1.598847E-17
7136.55954702736  1.682163E-17
7139.61879905106  1.642894E-17
7142.67805107475  1.645953E-17
7145.73730309845  1.636657E-17
7148.79655512215  1.697475E-17
7151.85580714585  1.627131E-17
7154.91505916954  1.512050E-17
7157.97431119324  1.555840E-17
7161.03356321694  1.684613E-17
7164.09281524063  1.704758E-17
7167.15206726433  1.599251E-17
7170.21131928803  1.642740E-17
7173.27057131172  1.684240E-17
7176.32982333542  1.662973E-17
7179.38907535912  1.804839E-17
7182.44832738281  1.633644E-17
7185.50757940651  1.525086E-17
7188.56683143021  1.634282E-17
7191.6260834539  1.581230E-17
7194.6853354776  1.518135E-17
7197.7445875013  1.566075E-17
7200.80383952499  1.439063E-17
7203.86309154869  1.616190E-17
7206.92234357239  1.623411E-17
7209.98159559609  1.601621E-17
7213.04084761978  1.525475E-17
7216.10009964348  1.466285E-17
7219.15935166718  1.620801E-17
7222.21860369088  1.419691E-17
7225.27785571457  1.492425E-17
7228.33710773827  1.568108E-17
7231.39635976196  1.523735E-17
7234.45561178566  1.616033E-17
7237.51486380936  1.565332E-17
7240.57411583305  1.502110E-17
7243.63336785675  1.595066E-17
7246.69261988045  1.490812E-17
7249.75187190415  1.391554E-17
7252.81112392784  1.543348E-17
7255.87037595154  1.611544E-17
7258.92962797524  1.526620E-17
7261.98887999893  1.560300E-17
7265.04813202263  1.708121E-17
7268.10738404633  1.734770E-17
7271.16663607002  1.596181E-17
7274.22588809372  1.560812E-17
7277.28514011742  1.520439E-17
7280.34439214112  1.602048E-17
7283.40364416481  1.531876E-17
7286.46289618851  1.413131E-17
7289.52214821221  1.465011E-17
7292.5814002359  1.545806E-17
7295.6406522596  1.537999E-17
7298.6999042833  1.697551E-17
7301.75915630699  1.759867E-17
7304.81840833069  1.613970E-17
7307.87766035439  1.548211E-17
7310.93691237808  1.681884E-17
7313.99616440178  1.704080E-17
7317.05541642548  1.603176E-17
7320.11466844918  1.622293E-17
7323.17392047287  1.674313E-17
7326.23317249657  1.643573E-17
7329.29242452027  1.656802E-17
7332.35167654396  1.686756E-17
7335.41092856766  1.611907E-17
7338.47018059136  1.668993E-17
7341.52943261505  1.640823E-17
7344.58868463875  1.598146E-17
7347.64793666245  1.679641E-17
7350.70718868614  1.576426E-17
7353.76644070984  1.525590E-17
7356.82569273354  1.555467E-17
7359.88494475724  1.584842E-17
7362.94419678093  1.569944E-17
7366.00344880463  1.490103E-17
7369.06270082833  1.576638E-17
7372.12195285202  1.565882E-17
7375.18120487572  1.581738E-17
7378.24045689942  1.632342E-17
7381.29970892311  1.531543E-17
7384.35896094681  1.461369E-17
7387.41821297051  1.652955E-17
7390.4774649942  1.604235E-17
7393.5367170179  1.639467E-17
7396.5959690416  1.590895E-17
7399.65522106529  1.556083E-17
7402.71447308899  1.721619E-17
7405.77372511269  1.563467E-17
7408.83297713638  1.525636E-17
7411.89222916008  1.544173E-17
7414.95148118378  1.552122E-17
7418.01073320748  1.574115E-17
7421.06998523117  1.604980E-17
7424.12923725487  1.689235E-17
7427.18848927857  1.630326E-17
7430.24774130226  1.522708E-17
7433.30699332596  1.615105E-17
7436.36624534966  1.642945E-17
7439.42549737335  1.445713E-17
7442.48474939705  1.563359E-17
7445.54400142075  1.675433E-17
7448.60325344444  1.660067E-17
7451.66250546814  1.588898E-17
7454.72175749184  1.596581E-17
7457.78100951553  1.661742E-17
7460.84026153923  1.631047E-17
7463.89951356293  1.566693E-17
7466.95876558663  1.566561E-17
7470.01801761032  1.567910E-17
7473.07726963402  1.473086E-17
7476.13652165772  1.361151E-17
7479.19577368141  1.379225E-17
7482.25502570511  1.424422E-17
7485.31427772881  1.360679E-17
7488.3735297525  1.379690E-17
7491.4327817762  1.473314E-17
7494.4920337999  1.484868E-17
7497.5512858236  1.557944E-17
7500.61053784729  1.589599E-17
7503.66978987099  1.461939E-17
7506.72904189468  1.478357E-17
7509.78829391838  1.586149E-17
7512.84754594208  1.514031E-17
7515.90679796577  1.612552E-17
7518.96604998947  1.471309E-17
7522.02530201317  1.470534E-17
7525.08455403687  1.591848E-17
7528.14380606056  1.510411E-17
7531.20305808426  1.373346E-17
7534.26231010796  1.508777E-17
7537.32156213165  1.550737E-17
7540.38081415535  1.550442E-17
7543.44006617905  1.535570E-17
7546.49931820274  1.507064E-17
7549.55857022644  1.568540E-17
7552.61782225014  1.667892E-17
7555.67707427384  1.649214E-17
7558.73632629753  1.547134E-17
7561.79557832123  1.441290E-17
7564.85483034493  1.412965E-17
7567.91408236862  1.479892E-17
7570.97333439232  1.545022E-17
7574.03258641602  1.616876E-17
7577.09183843971  1.439070E-17
7580.15109046341  1.370405E-17
7583.21034248711  1.509583E-17
7586.26959451081  1.546350E-17
7589.3288465345  1.641833E-17
7592.3880985582  1.711170E-17
7595.4473505819  1.861902E-17
7598.50660260559  2.143904E-17
7601.56585462929  2.072468E-17
7604.62510665299  1.856100E-17
7607.68435867668  2.167987E-17
7610.74361070038  2.061463E-17
7613.80286272408  1.889370E-17
7616.86211474777  1.866176E-17
7619.92136677147  1.596521E-17
7622.98061879517  1.724075E-17
7626.03987081886  1.962691E-17
7629.09912284256  1.834683E-17
7632.15837486626  1.864834E-17
7635.21762688996  2.125975E-17
7638.27687891365  1.974759E-17
7641.33613093735  1.869928E-17
7644.39538296105  1.752198E-17
7647.45463498474  1.685744E-17
7650.51388700844  1.580869E-17
7653.57313903214  1.570904E-17
7656.63239105584  1.610472E-17
7659.69164307953  1.452998E-17
7662.75089510323  1.380768E-17
7665.81014712692  1.418113E-17
7668.86939915062  1.456588E-17
7671.92865117432  1.550245E-17
7674.98790319802  1.587350E-17
7678.04715522171  1.534969E-17
7681.10640724541  1.528240E-17
7684.16565926911  1.435210E-17
7687.2249112928  1.417187E-17
7690.2841633165  1.438112E-17
7693.3434153402  1.366799E-17
7696.40266736389  1.483307E-17
7699.46191938759  1.560408E-17
7702.52117141129  1.454665E-17
7705.58042343498  1.475350E-17
7708.63967545868  1.525453E-17
7711.69892748238  1.370752E-17
7714.75817950608  1.559018E-17
7717.81743152977  1.578884E-17
7720.87668355347  1.461278E-17
7723.93593557717  1.401984E-17
7726.99518760086  1.395441E-17
7730.05443962456  1.437305E-17
7733.11369164826  1.538514E-17
7736.17294367195  1.476741E-17
7739.23219569565  1.424745E-17
7742.29144771935  1.491956E-17
7745.35069974304  1.587974E-17
7748.40995176674  1.552104E-17
7751.46920379044  1.478065E-17
7754.52845581414  1.538743E-17
7757.58770783783  1.473082E-17
7760.64695986153  1.320022E-17
7763.70621188523  1.545129E-17
7766.76546390892  1.573273E-17
7769.82471593262  1.322804E-17
7772.88396795632  1.164790E-17
7775.94321998001  1.162626E-17
7779.00247200371  1.177341E-17
7782.06172402741  1.330702E-17
7785.1209760511  1.278550E-17
7788.1802280748  1.299212E-17
7791.2394800985  1.353323E-17
7794.2987321222  1.359533E-17
7797.35798414589  1.405067E-17
7800.41723616959  1.554879E-17
7803.47648819329  1.496760E-17
7806.53574021698  1.442630E-17
7809.59499224068  1.478299E-17
7812.65424426438  1.535017E-17
7815.71349628807  1.587166E-17
7818.77274831177  1.464323E-17
7821.83200033547  1.386604E-17
7824.89125235916  1.590393E-17
7827.95050438286  1.591215E-17
7831.00975640656  1.358101E-17
7834.06900843025  1.441502E-17
7837.12826045395  1.292966E-17
7840.18751247765  1.275140E-17
7843.24676450134  1.371044E-17
7846.30601652504  1.320546E-17
7849.36526854874  1.179200E-17
7852.42452057244  1.288534E-17
7855.48377259613  1.534916E-17
7858.54302461983  1.416305E-17
7861.60227664353  1.325771E-17
7864.66152866722  1.403781E-17
7867.72078069092  1.408990E-17
7870.78003271462  1.366957E-17
7873.83928473832  1.511784E-17
7876.89853676201  1.550762E-17
7879.95778878571  1.390600E-17
7883.0170408094  1.356923E-17
7886.0762928331  1.419546E-17
7889.1355448568  1.330896E-17
7892.1947968805  1.362761E-17
7895.25404890419  1.274841E-17
7898.31330092789  1.281260E-17
7901.37255295159  1.322418E-17
7904.43180497528  1.279759E-17
7907.49105699898  1.432736E-17
7910.55030902268  1.407108E-17
7913.60956104638  1.369407E-17
7916.66881307007  1.462619E-17
7919.72806509377  1.513401E-17
7922.78731711747  1.298657E-17
7925.84656914116  1.263192E-17
7928.90582116486  1.335427E-17
7931.96507318856  1.470083E-17
7935.02432521225  1.480354E-17
7938.08357723595  1.243352E-17
7941.14282925965  1.210640E-17
7944.20208128334  1.259533E-17
7947.26133330704  1.258431E-17
7950.32058533074  1.258401E-17
7953.37983735443  1.300327E-17
7956.43908937813  1.274530E-17
7959.49834140183  1.238233E-17
7962.55759342552  1.243585E-17
7965.61684544922  1.293378E-17
7968.67609747292  1.334890E-17
7971.73534949662  1.272949E-17
7974.79460152031  1.255446E-17
7977.85385354401  1.527793E-17
7980.91310556771  1.393630E-17
7983.9723575914  1.260523E-17
7987.0316096151  1.322676E-17
7990.0908616388  1.303332E-17
7993.15011366249  1.321842E-17
7996.20936568619  1.134177E-17
7999.26861770989  1.315253E-17
8002.32786973358  1.421736E-17
8005.38712175728  1.315628E-17
8008.44637378098  1.318557E-17
8011.50562580467  1.344194E-17
8014.56487782837  1.282233E-17
8017.62412985207  1.371868E-17
8020.68338187577  1.297595E-17
8023.74263389946  1.135726E-17
8026.80188592316  1.341488E-17
8029.86113794686  1.436188E-17
8032.92038997055  1.251409E-17
8035.97964199425  1.331265E-17
8039.03889401795  1.418371E-17
8042.09814604164  1.237610E-17
8045.15739806534  1.268971E-17
8048.21665008904  1.362333E-17
8051.27590211273  1.390655E-17
8054.33515413643  1.385042E-17
8057.39440616013  1.365457E-17
8060.45365818382  1.408481E-17
8063.51291020752  1.335167E-17
8066.57216223122  1.283047E-17
8069.63141425492  1.178735E-17
8072.69066627861  1.257803E-17
8075.74991830231  1.438213E-17
8078.80917032601  1.384437E-17
8081.8684223497  1.256771E-17
8084.9276743734  1.313248E-17
8087.9869263971  1.299373E-17
8091.04617842079  1.227664E-17
8094.10543044449  1.319088E-17
8097.16468246819  1.273825E-17
8100.22393449188  1.325549E-17
8103.28318651558  1.358240E-17
8106.34243853928  1.232796E-17
8109.40169056297  1.206154E-17
8112.46094258667  1.321937E-17
8115.52019461037  1.437162E-17
8118.57944663407  1.215005E-17
8121.63869865776  1.312475E-17
8124.69795068146  1.389880E-17
8127.75720270516  1.194101E-17
8130.81645472886  1.273452E-17
8133.87570675255  1.355164E-17
8136.93495877625  1.315388E-17
8139.99421079994  1.317573E-17
8143.05346282364  1.362026E-17
8146.11271484734  1.363479E-17
8149.17196687103  1.265280E-17
8152.23121889473  1.314930E-17
8155.29047091843  1.348420E-17
8158.34972294213  1.321216E-17
8161.40897496582  1.259853E-17
8164.46822698952  1.231757E-17
8167.52747901322  1.257970E-17
8170.58673103691  1.271000E-17
8173.64598306061  1.237819E-17
8176.70523508431  1.287320E-17
8179.764487108  1.318784E-17
8182.8237391317  1.190291E-17
8185.8829911554  1.157722E-17
8188.9422431791  1.179150E-17
8192.00149520279  1.207737E-17
8195.06074722649  1.186750E-17
8198.11999925019  1.197106E-17
8201.17925127388  1.262975E-17
8204.23850329758  1.192381E-17
8207.29775532128  1.217368E-17
8210.35700734497  1.291146E-17
8213.41625936867  1.315791E-17
8216.47551139237  1.283343E-17
8219.53476341606  1.208231E-17
8222.59401543976  1.196024E-17
8225.65326746346  1.176668E-17
8228.71251948716  1.172029E-17
8231.77177151085  1.218591E-17
8234.83102353455  1.141461E-17
8237.89027555825  1.253729E-17
8240.94952758194  1.326293E-17
8244.00877960564  1.276790E-17
8247.06803162934  1.323529E-17
8250.12728365303  1.402184E-17
8253.18653567673  1.176585E-17
8256.24578770043  1.156452E-17
8259.30503972412  1.197724E-17
8262.36429174782  1.249045E-17
8265.42354377152  1.350640E-17
8268.48279579521  1.219700E-17
8271.54204781891  1.248065E-17
8274.60129984261  1.300957E-17
8277.66055186631  1.306702E-17
8280.71980389  1.302393E-17
8283.7790559137  1.312695E-17
8286.8383079374  1.342126E-17
8289.89755996109  1.242722E-17
8292.95681198479  1.248913E-17
8296.01606400849  1.189728E-17
8299.07531603218  1.156061E-17
8302.13456805588  1.227566E-17
8305.19382007958  1.087342E-17
8308.25307210327  1.232168E-17
8311.31232412697  1.335489E-17
8314.37157615067  1.310734E-17
8317.43082817436  1.258242E-17
8320.49008019806  1.155914E-17
8323.54933222176  1.163392E-17
8326.60858424546  1.217448E-17
8329.66783626915  1.115797E-17
8332.72708829285  1.070005E-17
8335.78634031655  1.233469E-17
8338.84559234024  1.250931E-17
8341.90484436394  1.165877E-17
8344.96409638764  1.192644E-17
8348.02334841134  1.234597E-17
8351.08260043503  1.221778E-17
8354.14185245873  1.161923E-17
8357.20110448242  1.326624E-17
8360.26035650612  1.340866E-17
8363.31960852982  1.241994E-17
8366.37886055352  1.275338E-17
8369.43811257721  1.354701E-17
8372.49736460091  1.206421E-17
8375.55661662461  1.100308E-17
8378.6158686483  1.263131E-17
8381.675120672  1.327422E-17
8384.7343726957  1.128096E-17
8387.7936247194  1.156887E-17
8390.85287674309  1.244641E-17
8393.91212876679  1.308010E-17
8396.97138079049  1.396959E-17
8400.03063281418  1.319878E-17
8403.08988483788  1.265697E-17
8406.14913686158  1.316455E-17
8409.20838888527  1.261629E-17
8412.26764090897  1.099298E-17
8415.32689293267  1.133613E-17
8418.38614495636  1.294388E-17
8421.44539698006  1.323275E-17
8424.50464900376  1.613848E-17
8427.56390102745  1.253668E-17
8430.62315305115  9.555576E-18
8433.68240507485  1.006231E-17
8436.74165709854  1.014407E-17
8439.80090912224  1.091402E-17
8442.86016114594  1.046328E-17
8445.91941316964  9.998434E-18
8448.97866519333  1.017211E-17
8452.03791721703  1.086302E-17
8455.09716924073  1.305237E-17
8458.15642126442  1.297569E-17
8461.21567328812  1.224277E-17
8464.27492531182  1.138778E-17
8467.33417733551  1.081108E-17
8470.39342935921  1.105955E-17
8473.45268138291  1.214804E-17
8476.5119334066  1.141501E-17
8479.5711854303  1.151589E-17
8482.630437454  1.199238E-17
8485.6896894777  1.175102E-17
8488.74894150139  1.282873E-17
8491.80819352509  1.195489E-17
8494.86744554879  1.193574E-17
8497.92669757248  1.235164E-17
8500.98594959618  1.222594E-17
8504.04520161988  1.150115E-17
8507.10445364357  1.181941E-17
8510.16370566727  1.202854E-17
8513.22295769097  1.284294E-17
8516.28220971466  1.297245E-17
8519.34146173836  1.108955E-17
8522.40071376206  1.200608E-17
8525.45996578575  1.215039E-17
8528.51921780945  1.196157E-17
8531.57846983315  1.223405E-17
8534.63772185684  1.190406E-17
8537.69697388054  1.146530E-17
8540.75622590424  1.129644E-17
8543.81547792794  1.122149E-17
8546.87472995163  1.085187E-17
8549.93398197533  1.120465E-17
8552.99323399903  1.177979E-17
8556.05248602272  1.039110E-17
8559.11173804642  1.177455E-17
8562.17099007012  1.204809E-17
8565.23024209382  1.155989E-17
8568.28949411751  1.127240E-17
8571.34874614121  1.138175E-17
8574.4079981649  1.198068E-17
8577.4672501886  1.265678E-17
8580.5265022123  1.217854E-17
8583.58575423599  1.184619E-17
8586.64500625969  1.234513E-17
8589.70425828339  1.283870E-17
8592.76351030709  1.332241E-17
8595.82276233078  1.270594E-17
8598.88201435448  1.151365E-17
8601.94126637818  1.143133E-17
8605.00051840187  1.132881E-17
8608.05977042557  1.128364E-17
8611.11902244927  1.160735E-17
8614.17827447296  1.218646E-17
8617.23752649666  1.265001E-17
8620.29677852036  1.292040E-17
8623.35603054406  1.375624E-17
8626.41528256775  1.099265E-17
8629.47453459145  1.149740E-17
8632.53378661515  1.264803E-17
8635.59303863884  1.039677E-17
8638.65229066254  1.070590E-17
8641.71154268624  1.306682E-17
8644.77079470993  1.272649E-17
8647.83004673363  1.104739E-17
8650.88929875733  1.029959E-17
8653.94855078102  1.104783E-17
8657.00780280472  1.219607E-17
8660.06705482842  1.033735E-17
8663.12630685212  9.666564E-18
8666.18555887581  1.110743E-17
8669.24481089951  1.174639E-17
8672.30406292321  1.032524E-17
8675.3633149469  1.084106E-17
8678.4225669706  1.178719E-17
8681.4818189943  1.138483E-17
8684.54107101799  1.101463E-17
8687.60032304169  1.008491E-17
8690.65957506539  1.181814E-17
8693.71882708908  1.190146E-17
8696.77807911278  1.199986E-17
8699.83733113648  1.165764E-17
8702.89658316018  1.062925E-17
8705.95583518387  1.057891E-17
8709.01508720757  1.232441E-17
8712.07433923127  1.011335E-17
8715.13359125496  9.268546E-18
8718.19284327866  1.100197E-17
8721.25209530236  1.159880E-17
8724.31134732605  1.137606E-17
8727.37059934975  1.182533E-17
8730.42985137345  1.075737E-17
8733.48910339714  1.016948E-17
8736.54835542084  1.143369E-17
8739.60760744454  1.056612E-17
8742.66685946823  1.020971E-17
8745.72611149193  1.028488E-17
8748.78536351563  1.093173E-17
8751.84461553932  1.067429E-17
8754.90386756302  9.846647E-18
8757.96311958672  1.023327E-17
8761.02237161042  1.064632E-17
8764.08162363411  1.051596E-17
8767.14087565781  1.096215E-17
8770.20012768151  1.133515E-17
8773.2593797052  1.066904E-17
8776.3186317289  1.197959E-17
8779.3778837526  1.007950E-17
8782.4371357763  9.318574E-18
8785.49638779999  1.144991E-17
8788.55563982369  1.234633E-17
8791.61489184738  1.195177E-17
8794.67414387108  1.144377E-17
8797.73339589478  1.161663E-17
8800.79264791848  1.152038E-17
8803.85189994217  1.119664E-17
8806.91115196587  1.150360E-17
8809.97040398957  9.552192E-18
8813.02965601326  9.102975E-18
8816.08890803696  1.045771E-17
8819.14816006066  1.239644E-17
8822.20741208435  1.454144E-17
8825.26666410805  1.193603E-17
8828.32591613175  1.056405E-17
8831.38516815544  1.040859E-17
8834.44442017914  1.065270E-17
8837.50367220284  1.075907E-17
8840.56292422654  1.078649E-17
8843.62217625023  1.113976E-17
8846.68142827393  1.204781E-17
8849.74068029763  1.153075E-17
8852.79993232132  1.005660E-17
8855.85918434502  1.059373E-17
8858.91843636872  1.072179E-17
8861.97768839241  1.006487E-17
8865.03694041611  9.520786E-18
8868.09619243981  9.861839E-18
8871.1554444635  1.017179E-17
8874.2146964872  9.334748E-18
8877.2739485109  9.106597E-18
8880.33320053459  8.718561E-18
8883.39245255829  9.137249E-18
8886.45170458199  1.209302E-17
8889.51095660569  9.926538E-18
8892.57020862938  9.948828E-18
8895.62946065308  8.653895E-18
8898.68871267678  8.044465E-18
8901.74796470047  9.028297E-18
8904.80721672417  7.933608E-18
8907.86646874787  8.645887E-18
8910.92572077156  1.158028E-17
8913.98497279526  9.955208E-18
8917.04422481896  8.930651E-18
8920.10347684265  1.094149E-17
8923.16272886635  9.706534E-18
8926.22198089005  8.680346E-18
8929.28123291375  1.076600E-17
8932.34048493744  1.208715E-17
8935.39973696114  1.016969E-17
8938.45898898484  6.798912E-18
8941.51824100853  8.328145E-18
8944.57749303223  1.174236E-17
8947.63674505593  1.354062E-17
8950.69599707962  1.251248E-17
8953.75524910332  1.172853E-17
8956.81450112702  1.213954E-17
8959.87375315071  1.307007E-17
8962.93300517441  1.237776E-17
8965.99225719811  9.631244E-18
8969.0515092218  8.870203E-18
8972.1107612455  9.633401E-18
8975.1700132692  9.096034E-18
8978.2292652929  8.816111E-18
8981.28851731659  9.452915E-18
8984.34776934029  9.501089E-18
8987.40702136399  8.399853E-18
8990.46627338768  9.627865E-18
8993.52552541138  1.052825E-17
8996.58477743508  9.550201E-18
8999.64402945878  8.125068E-18
9002.70328148247  8.516208E-18
9005.76253350617  8.954499E-18
9008.82178552986  8.627702E-18
9011.88103755356  8.403779E-18
9014.94028957726  9.022330E-18
9017.99954160095  8.503370E-18
9021.05879362465  8.524955E-18
9024.11804564835  9.760677E-18
9027.17729767205  9.493686E-18
9030.23654969574  9.342285E-18
9033.29580171944  9.804288E-18
9036.35505374314  7.546995E-18
9039.41430576684  8.347296E-18
9042.47355779053  8.732966E-18
9045.53280981423  8.835641E-18
9048.59206183792  8.594857E-18
9051.65131386162  8.757921E-18
9054.71056588532  1.020779E-17
9057.76981790902  9.208391E-18
9060.82906993271  8.125456E-18
9063.88832195641  7.702396E-18
9066.94757398011  7.836329E-18
9070.0068260038  9.166500E-18
9073.0660780275  9.343246E-18
9076.1253300512  7.481475E-18
9079.18458207489  6.672444E-18
9082.24383409859  8.300562E-18
9085.30308612229  7.903365E-18
9088.36233814598  6.627447E-18
9091.42159016968  7.495586E-18
9094.48084219338  7.174691E-18
9097.54009421708  7.276470E-18
9100.59934624077  7.717961E-18
9103.65859826447  7.876471E-18
9106.71785028817  7.380729E-18
9109.77710231186  8.850364E-18
9112.83635433556  7.664043E-18
9115.89560635926  5.946490E-18
9118.95485838295  6.925969E-18
9122.01411040665  5.918993E-18
9125.07336243035  7.436327E-18
9128.13261445404  6.966408E-18
9131.19186647774  6.530243E-18
9134.25111850144  8.052736E-18
9137.31037052513  7.598543E-18
9140.36962254883  8.170517E-18
9143.42887457253  8.459319E-18
9146.48812659623  6.510781E-18
9149.54737861992  5.796265E-18
9152.60663064362  8.733351E-18
9155.66588266732  6.947335E-18
9158.72513469101  6.347222E-18
9161.78438671471  7.423119E-18
9164.84363873841  7.561368E-18
9167.9028907621  7.681458E-18
9170.9621427858  7.425469E-18
9174.0213948095  7.645971E-18
9177.08064683319  7.310197E-18
9180.13989885689  6.545713E-18
9183.19915088059  7.216837E-18
9186.25840290428  7.956449E-18
9189.31765492798  6.963038E-18
9192.37690695168  7.850016E-18
9195.43615897537  8.210773E-18
9198.49541099907  7.238738E-18
9201.55466302277  8.169652E-18
9204.61391504647  7.896183E-18
9207.67316707016  8.159836E-18
9210.73241909386  7.745628E-18
9213.79167111756  7.478934E-18
9216.85092314125  8.019150E-18
9219.91017516495  7.772067E-18
9222.96942718865  6.797355E-18
9226.02867921234  7.369407E-18
9229.08793123604  7.495715E-18
9232.14718325974  7.138448E-18
9235.20643528343  7.437673E-18
9238.26568730713  7.572273E-18
9241.32493933083  8.521444E-18
9244.38419135453  8.356167E-18
9247.44344337822  7.525783E-18
9250.50269540192  7.634849E-18
9253.56194742562  6.789568E-18
9256.62119944931  6.286332E-18
9259.68045147301  6.492174E-18
9262.73970349671  6.279659E-18
9265.7989555204  4.904007E-18
9268.8582075441  5.765353E-18
9271.9174595678  5.445719E-18
9274.9767115915  5.810202E-18
9278.03596361519  6.441498E-18
9281.09521563889  5.946643E-18
9284.15446766259  5.842394E-18
9287.21371968628  6.917087E-18
9290.27297170998  6.933582E-18
9293.33222373367  5.955403E-18
9296.39147575737  5.525331E-18
9299.45072778107  7.006274E-18
9302.50997980477  7.346274E-18
9305.56923182846  5.695593E-18
9308.62848385216  6.643304E-18
9311.68773587586  7.244536E-18
9314.74698789956  4.391566E-18
9317.80623992325  4.310293E-18
9320.86549194695  3.682632E-18
9323.92474397065  4.291045E-18
9326.98399599434  7.100944E-18
9330.04324801804  6.336787E-18
9333.10250004174  4.965775E-18
9336.16175206543  5.691922E-18
9339.22100408913  5.832922E-18
9342.28025611283  5.542300E-18
9345.33950813652  5.332911E-18
9348.39876016022  4.188576E-18
9351.45801218392  3.857892E-18
9354.51726420762  3.254062E-18
9357.57651623131  4.046727E-18
9360.63576825501  4.943013E-18
9363.69502027871  4.600317E-18
9366.7542723024  3.488113E-18
9369.8135243261  3.107985E-18
9372.8727763498  3.405029E-18
9375.93202837349  3.989065E-18
9378.99128039719  3.380342E-18
9382.05053242089  1.951287E-18
9385.10978444458  2.825910E-18
9388.16903646828  3.488534E-18
9391.22828849198  3.542901E-18
9394.28754051568  3.242326E-18
9397.34679253937  3.084176E-18
9400.40604456307  2.919884E-18
9403.46529658677  2.649182E-18
9406.52454861046  1.827294E-18
9409.58380063416  1.787184E-18
9412.64305265786  3.514561E-18
9415.70230468155  4.447773E-18
9418.76155670525  3.535762E-18
9421.82080872895  3.442587E-18
9424.88006075265  3.926345E-18
9427.93931277634  3.704421E-18
9430.99856480004  4.155344E-18
9434.05781682374  2.873483E-18
9437.11706884743  3.923878E-18
9440.17632087113  2.840123E-18
9443.23557289482  1.728892E-18
9446.29482491852  3.162294E-18
9449.35407694222  2.801460E-18
9452.41332896592  2.625122E-18
9455.47258098961  3.090118E-18
9458.53183301331  3.501210E-18
9461.59108503701  3.096714E-18
9464.65033706071  3.622171E-18
9467.7095890844  3.605684E-18
9470.7688411081  2.128185E-18
9473.8280931318  1.960816E-18
9476.88734515549  2.151990E-18
9479.94659717919  2.197924E-18
9483.00584920289  3.085880E-18
9486.06510122658  2.876308E-18
9489.12435325028  2.814777E-18
9492.18360527398  3.249177E-18
9495.24285729767  3.576676E-18
9498.30210932137  2.677233E-18
9501.36136134507  2.256985E-18
9504.42061336876  2.066805E-18
9507.47986539246  3.436609E-18
9510.53911741616  3.819642E-18
9513.59836943986  2.733300E-18
9516.65762146355  2.694315E-18
9519.71687348725  2.264268E-18
9522.77612551095  2.118039E-18
9525.83537753464  2.215973E-18
9528.89462955834  2.445913E-18
9531.95388158204  2.577013E-18
9535.01313360573  2.717718E-18
9538.07238562943  2.606798E-18
9541.13163765313  2.597162E-18
9544.19088967682  3.153646E-18
9547.25014170052  2.869635E-18
9550.30939372422  3.045920E-18
9553.36864574791  2.466006E-18
9556.42789777161  2.461160E-18
9559.48714979531  2.635666E-18
9562.54640181901  2.772441E-18
9565.6056538427  1.889894E-18
9568.6649058664  2.408139E-18
9571.7241578901  2.799516E-18
9574.78340991379  2.767833E-18
9577.84266193749  2.734782E-18
9580.90191396119  2.189562E-18
9583.96116598488  2.142608E-18
9587.02041800858  2.228840E-18
9590.07967003228  2.061674E-18
9593.13892205597  2.577291E-18
9596.19817407967  3.023034E-18
9599.25742610337  2.595660E-18
9602.31667812706  2.148878E-18
9605.37593015076  2.193430E-18
9608.43518217446  2.989016E-18
9611.49443419816  3.537578E-18
9614.55368622185  2.551396E-18
9617.61293824555  2.915870E-18
9620.67219026925  2.653996E-18
9623.73144229294  2.637762E-18
9626.79069431664  3.359764E-18
9629.84994634034  3.041680E-18
9632.90919836403  3.015947E-18
9635.96845038773  3.852698E-18
9639.02770241143  3.459477E-18
9642.08695443512  2.690917E-18
9645.14620645882  3.907144E-18
9648.20545848252  4.753379E-18
9651.26471050622  2.987570E-18
9654.32396252991  3.028303E-18
9657.38321455361  3.284206E-18
9660.4424665773  3.164810E-18
9663.501718601  3.907534E-18
9666.5609706247  3.939801E-18
